VirtualBench-DSA 2.5 Waveform File
X0: 0.000000E+0	Delta-X: 5.000320E+0
6.861210E-2
3.142309E-2
3.248212E-2
3.801074E-2
3.097432E-2
3.797024E-2
5.524665E-2
7.322751E-2
3.397809E-2
3.748218E-2
4.766385E-2
4.521014E-2
5.180955E-2
6.119954E-2
6.437260E-2
7.942132E-2
9.872811E-2
1.204589E-1
1.826824E-1
3.307053E-1
1.804696E+0
5.080106E-1
2.193392E-1
1.360761E-1
1.073081E-1
8.170510E-2
6.724093E-2
6.250361E-2
5.134071E-2
4.692843E-2
4.848980E-2
3.883853E-2
4.358758E-2
6.888798E-2
2.871227E-2
1.809935E-2
1.968382E-2
2.741991E-2
2.120730E-2
2.287475E-2
2.621497E-2
2.138963E-2
2.474343E-2
2.747054E-2
2.166813E-2
3.153625E-2
4.108992E-2
3.550472E-2
1.201850E-2
1.671339E-2
2.446609E-2
1.925137E-2
2.624342E-2
3.055104E-2
2.940513E-2
3.884387E-2
4.558708E-2
5.114275E-2
7.836943E-2
1.177730E-1
2.793175E-1
5.299132E-1
1.287450E-1
7.128297E-2
5.572192E-2
3.702681E-2
3.084546E-2
2.925705E-2
2.033723E-2
2.036915E-2
2.120559E-2
1.280458E-2
2.046661E-2
2.785041E-2
2.572308E-2
1.512289E-2
7.389884E-3
9.338739E-3
2.589177E-3
6.572088E-3
7.318229E-3
2.078497E-3
6.729792E-3
6.644506E-3
7.381087E-4
8.849310E-3
9.946193E-3
1.655670E-2
3.412446E-2
9.298730E-3
5.962907E-3
3.591810E-3
3.682031E-3
2.970751E-3
3.396340E-3
2.093178E-3
3.911143E-3
7.107673E-3
2.750563E-3
1.523827E-2
3.537711E-2
3.805669E-1
4.916753E-2
2.399625E-2
1.179982E-2
1.662403E-2
1.190098E-2
8.669619E-3
1.328099E-2
9.271770E-3
9.015489E-3
1.438078E-2
8.427093E-3
1.530209E-2
4.997929E-2
1.484430E-2
9.150550E-3
4.295370E-3
8.254741E-3
4.283018E-3
5.092762E-3
8.911072E-3
4.701218E-3
7.987884E-3
1.178656E-2
5.663659E-3
1.547586E-2
2.876806E-2
2.615832E-2
1.702623E-2
6.510328E-3
8.715232E-3
3.587155E-3
8.430894E-3
1.221233E-2
8.365199E-3
1.582277E-2
1.983538E-2
1.964000E-2
3.805127E-2
6.082418E-2
1.616380E-1
1.929727E-1
5.976223E-2
3.390310E-2
3.135183E-2
2.059793E-2
1.751390E-2
1.957601E-2
1.305857E-2
1.433403E-2
1.727175E-2
1.019540E-2
1.900418E-2
3.380668E-2
2.507196E-2
1.671454E-2
6.435214E-3
6.391690E-3
2.352612E-3
4.879318E-3
6.514358E-3
1.696694E-3
6.117072E-3
7.369717E-3
1.418055E-3
1.087513E-2
1.424397E-2
1.343075E-2
3.136793E-2
8.166558E-3
5.578343E-3
2.858579E-3
4.546591E-3
4.776471E-3
6.059672E-4
5.723622E-3
5.319248E-3
1.900798E-3
9.741167E-3
9.056648E-3
1.122716E-2
2.151451E-1
1.012514E-2
5.948770E-3
5.446446E-3
3.635953E-3
3.171572E-3
2.545245E-3
4.377950E-3
3.143835E-3
2.869701E-3
6.892206E-3
4.484819E-3
9.379407E-3
5.015616E-2
1.534608E-2
8.314728E-3
5.031697E-3
4.637737E-3
3.177761E-3
2.639607E-3
5.024254E-3
2.438816E-3
4.056862E-3
7.484668E-3
2.548689E-3
1.072713E-2
2.654200E-2
2.641236E-2
1.436655E-2
6.751797E-3
4.722954E-3
2.669512E-3
3.925265E-3
6.728569E-3
3.016813E-3
8.537250E-3
1.204226E-2
8.954927E-3
2.399857E-2
4.214772E-2
1.279759E-1
9.717299E-2
3.571777E-2
1.923861E-2
2.183417E-2
1.434773E-2
1.204386E-2
1.535366E-2
1.008514E-2
1.129170E-2
1.582507E-2
9.305322E-3
1.871537E-2
4.232387E-2
2.180939E-2
1.656360E-2
7.510551E-3
4.591085E-3
2.746398E-3
3.472810E-3
5.663551E-3
1.561467E-3
5.555393E-3
7.618138E-3
1.549853E-3
1.151718E-2
1.807256E-2
1.205261E-2
2.843280E-2
8.615820E-3
4.335496E-3
3.280609E-3
4.158959E-3
4.691592E-3
1.408083E-4
6.279843E-3
6.854054E-3
3.106989E-3
1.363683E-2
1.606793E-2
2.380954E-2
1.454217E-1
1.907213E-2
9.588432E-3
1.207346E-2
4.613090E-3
5.294984E-3
6.928638E-3
1.212866E-3
4.694014E-3
5.807442E-3
1.841550E-3
7.730952E-3
1.226084E-2
5.100357E-2
1.761108E-2
7.497322E-3
4.727517E-3
3.736622E-3
3.560348E-3
3.146147E-3
3.445180E-3
2.836130E-3
3.059292E-3
4.978393E-3
4.118870E-3
7.929939E-3
2.467147E-2
2.797617E-2
1.123135E-2
6.495906E-3
4.049266E-3
3.308153E-3
3.279066E-3
4.483151E-3
1.664815E-3
4.726620E-3
7.448476E-3
2.730218E-3
1.502527E-2
3.019363E-2
1.097204E-1
5.120778E-2
2.171600E-2
9.937863E-3
1.528738E-2
1.007854E-2
7.544494E-3
1.187512E-2
7.741032E-3
8.622540E-3
1.397605E-2
8.468165E-3
1.758614E-2
5.176665E-2
1.735001E-2
1.506840E-2
8.246961E-3
2.976328E-3
3.409831E-3
3.142886E-3
4.657503E-3
1.724524E-3
4.787383E-3
7.401142E-3
1.251892E-3
1.148292E-2
2.191983E-2
1.223560E-2
2.479195E-2
9.139293E-3
3.216555E-3
4.312507E-3
3.412464E-3
4.204651E-3
8.209253E-4
5.576220E-3
6.906257E-3
2.863779E-3
1.447480E-2
2.047009E-2
3.439038E-2
1.036376E-1
2.292361E-2
1.162007E-2
1.479437E-2
7.280761E-3
6.989412E-3
9.639844E-3
4.409648E-3
6.891436E-3
9.473015E-3
2.723459E-3
1.201992E-2
2.178675E-2
5.127008E-2
1.983218E-2
8.047413E-3
3.859046E-3
3.775497E-3
3.163551E-3
3.342635E-3
2.223737E-3
3.390950E-3
3.798052E-3
3.268528E-3
6.047344E-3
8.868127E-3
2.258623E-2
2.837839E-2
8.744739E-3
5.618384E-3
4.133347E-3
3.511513E-3
3.137733E-3
3.208511E-3
2.755607E-3
3.310513E-3
4.846991E-3
2.632189E-3
8.870090E-3
2.101695E-2
9.599867E-2
2.532360E-2
1.250263E-2
2.989215E-3
9.277192E-3
6.345095E-3
3.922947E-3
8.293888E-3
5.641173E-3
5.481004E-3
1.139109E-2
6.581328E-3
1.471321E-2
6.223669E-2
1.314874E-2
1.242645E-2
8.175476E-3
