VirtualBench-DSA 2.5 Waveform File
X0: 0.000000E+0	Delta-X: 5.000320E+0
6.503105E-2
8.824237E-3
8.910785E-3
9.375162E-3
9.520973E-3
1.054950E-2
1.135605E-2
1.213107E-2
1.335121E-2
1.471661E-2
1.621883E-2
1.847612E-2
2.072936E-2
2.414041E-2
2.832978E-2
3.444642E-2
4.385460E-2
5.826418E-2
8.637896E-2
1.631512E-1
1.168646E+0
2.345553E-1
1.084199E-1
7.106951E-2
5.352736E-2
4.275715E-2
3.580004E-2
3.091509E-2
2.716523E-2
2.419861E-2
2.202723E-2
2.045662E-2
1.876351E-2
1.751014E-2
1.635659E-2
1.523530E-2
1.475027E-2
1.351335E-2
1.247492E-2
1.141381E-2
9.603183E-3
1.584775E-2
1.296319E-2
1.210650E-2
1.160325E-2
1.118310E-2
1.100287E-2
1.056587E-2
1.032487E-2
1.029804E-2
1.026124E-2
1.017878E-2
1.005028E-2
1.036923E-2
1.106348E-2
1.140139E-2
1.290396E-2
1.503811E-2
1.952398E-2
3.043402E-2
8.787894E-2
8.477415E-2
2.856886E-2
1.776562E-2
1.318709E-2
1.088972E-2
9.394592E-3
8.377986E-3
7.753026E-3
7.115194E-3
7.180430E-3
6.712103E-3
6.540258E-3
6.267195E-3
6.138991E-3
6.076903E-3
6.338476E-3
5.757683E-3
5.539655E-3
5.861042E-3
6.552626E-3
4.647772E-3
4.870023E-3
5.055120E-3
4.968538E-3
4.997297E-3
4.707153E-3
4.653910E-3
4.891072E-3
4.883711E-3
4.776618E-3
4.959501E-3
4.618653E-3
4.816976E-3
5.130817E-3
5.158403E-3
5.566821E-3
5.912415E-3
6.546737E-3
8.249333E-3
1.336048E-2
4.252261E-2
3.422741E-3
9.962594E-4
1.333183E-3
1.814961E-3
1.940821E-3
2.301736E-3
2.195232E-3
2.583578E-3
2.068824E-3
2.413900E-3
2.486699E-3
2.581616E-3
2.441391E-3
2.403695E-3
2.525425E-3
3.003016E-3
2.962716E-3
2.823924E-3
2.867384E-3
2.695044E-3
2.773724E-3
2.732008E-3
2.854982E-3
2.545485E-3
2.703203E-3
3.121715E-3
2.926652E-3
2.822350E-3
2.869117E-3
2.563804E-3
2.927806E-3
2.628582E-3
2.886324E-3
2.840934E-3
2.520665E-3
2.880100E-3
3.152408E-3
3.901921E-3
5.115554E-3
2.563958E-2
3.015957E-3
2.044602E-3
2.066412E-3
1.961950E-3
1.952574E-3
1.905169E-3
1.968520E-3
1.930560E-3
2.030341E-3
2.068898E-3
2.084704E-3
2.094921E-3
2.082204E-3
2.061927E-3
2.088153E-3
1.943172E-3
2.150363E-3
2.130025E-3
2.316052E-3
3.120626E-3
1.449088E-3
1.593249E-3
1.930973E-3
1.976331E-3
2.004669E-3
1.999612E-3
2.041636E-3
2.047082E-3
2.245539E-3
2.047539E-3
1.992145E-3
2.272327E-3
2.004984E-3
2.402502E-3
2.114198E-3
2.331752E-3
2.767745E-3
3.127089E-3
3.994090E-3
1.037891E-2
8.705928E-3
2.739361E-3
1.985972E-3
1.710364E-3
1.568843E-3
1.782374E-3
1.482834E-3
1.568697E-3
1.677675E-3
1.589221E-3
1.580952E-3
1.552896E-3
1.533466E-3
1.514979E-3
1.642639E-3
1.311021E-3
1.628986E-3
1.501871E-3
1.613066E-3
1.554252E-3
1.929969E-3
1.604620E-3
1.549887E-3
1.592295E-3
1.329189E-3
1.448880E-3
1.393187E-3
1.529257E-3
1.315368E-3
1.376482E-3
1.323072E-3
1.548351E-3
1.352683E-3
1.351755E-3
1.427323E-3
1.296187E-3
9.217865E-4
7.598919E-4
5.531284E-4
5.111200E-4
1.087264E-2
2.989760E-3
2.258312E-3
2.243190E-3
1.473266E-3
1.805183E-3
1.943152E-3
1.745876E-3
1.668901E-3
1.815838E-3
1.778822E-3
1.524082E-3
1.688350E-3
1.633620E-3
1.699856E-3
2.042120E-3
8.623483E-4
1.497529E-3
1.373471E-3
1.380273E-3
1.929327E-3
1.384831E-3
1.539859E-3
1.489217E-3
1.375632E-3
1.443486E-3
1.552946E-3
1.291354E-3
1.514796E-3
1.466736E-3
1.365381E-3
1.278391E-3
1.434473E-3
1.445200E-3
1.411567E-3
1.060436E-3
1.272773E-3
1.142684E-3
1.033764E-3
9.787300E-4
6.109088E-3
2.137458E-3
1.680621E-3
1.613153E-3
1.432976E-3
1.474746E-3
1.370812E-3
1.533058E-3
1.596988E-3
1.374986E-3
1.293176E-3
1.504622E-3
1.439699E-3
1.246196E-3
1.321802E-3
1.594637E-3
1.571000E-3
1.309320E-3
1.355808E-3
1.260350E-3
7.251212E-4
1.684803E-3
1.461748E-3
1.214917E-3
1.364002E-3
1.259396E-3
1.229488E-3
1.256638E-3
1.358172E-3
1.213281E-3
1.303898E-3
1.355689E-3
1.296197E-3
1.272393E-3
1.128553E-3
1.042810E-3
1.263490E-3
1.120027E-3
1.241928E-3
1.260510E-3
3.237601E-3
4.077502E-3
2.191199E-3
1.607526E-3
1.512429E-3
1.506766E-3
1.610884E-3
1.387307E-3
1.289370E-3
1.222097E-3
1.438266E-3
1.425439E-3
1.124700E-3
1.295188E-3
1.411841E-3
1.552868E-3
2.195693E-3
1.029615E-3
1.283837E-3
1.163977E-3
1.308835E-3
1.382493E-3
1.177035E-3
1.459828E-3
1.369598E-3
1.387742E-3
1.130072E-3
1.187239E-3
1.077570E-3
1.211441E-3
1.090389E-3
1.544400E-3
1.010807E-3
1.331743E-3
1.093845E-3
1.345946E-3
1.218340E-3
1.525560E-3
1.315450E-3
1.527618E-3
2.075709E-3
2.898836E-3
5.878685E-4
7.304151E-4
9.308462E-4
1.031258E-3
9.633326E-4
9.253852E-4
1.070202E-3
1.027584E-3
1.016974E-3
1.028136E-3
8.936167E-4
1.041270E-3
8.231275E-4
9.087086E-4
5.074708E-4
1.811882E-3
1.293335E-3
1.110460E-3
1.249768E-3
1.000970E-3
1.165577E-3
1.054607E-3
1.044725E-3
1.145434E-3
1.301687E-3
1.072933E-3
1.145288E-3
1.381136E-3
1.135524E-3
1.004618E-3
1.144946E-3
1.171677E-3
1.168383E-3
1.193475E-3
1.034210E-3
1.137135E-3
1.110037E-3
1.127278E-3
1.311469E-3
3.819802E-3
9.669146E-4
1.049840E-3
9.174805E-4
1.056849E-3
1.172537E-3
9.342900E-4
9.544836E-4
1.138304E-3
9.904578E-4
1.046021E-3
9.584993E-4
1.075609E-3
9.376372E-4
1.219642E-3
1.142240E-3
1.491005E-3
9.956274E-4
