VirtualBench-DSA 2.5 Waveform File
X0: 0.000000E+0	Delta-X: 1.001603E+2
7.295609E-3
1.465878E+0
1.339844E-2
1.437861E-2
6.075811E-3
2.304408E-3
2.353029E-3
2.452396E-3
2.231765E-3
1.730329E-3
1.750031E-3
1.504598E-3
1.521948E-3
1.403275E-3
8.055181E-4
1.203990E-3
1.131748E-3
1.223105E-3
9.406281E-4
9.429782E-4
8.364253E-4
1.075092E-3
8.201154E-4
5.394940E-4
5.190771E-4
8.894511E-4
4.511493E-4
6.215672E-4
4.659458E-4
6.682811E-4
6.681459E-4
5.666452E-4
4.733200E-4
5.983372E-4
5.059543E-4
4.650302E-4
2.789430E-4
4.131468E-4
4.824191E-4
3.455381E-4
4.825025E-4
3.276928E-4
3.728492E-4
2.564465E-4
1.265700E-4
2.749914E-4
2.478423E-4
3.168329E-4
4.130819E-4
6.177420E-4
2.481070E-4
5.014113E-4
5.193267E-4
3.813465E-4
3.107024E-4
3.426763E-4
2.910965E-4
4.547437E-4
3.516093E-4
3.969677E-4
2.467308E-4
2.484003E-4
1.448431E-4
2.581204E-4
2.158356E-4
3.759849E-4
1.313335E-4
5.006839E-4
2.896005E-4
3.813049E-4
1.507953E-4
1.468639E-4
1.989822E-4
2.616028E-4
2.502974E-4
4.361399E-4
3.556303E-4
3.162456E-4
3.300016E-4
3.111509E-4
1.675012E-4
1.203226E-4
1.822053E-4
3.491881E-4
1.104815E-4
1.673383E-4
1.101497E-4
1.129899E-4
1.002671E-4
3.157301E-4
2.668482E-4
2.088833E-4
2.493215E-4
3.796244E-4
9.152034E-5
2.610739E-4
4.047680E-4
1.162893E-3
1.013526E-4
2.060918E-4
3.034345E-4
2.767828E-4
2.347758E-4
1.955305E-4
2.622294E-4
1.961910E-4
1.940494E-4
2.899277E-4
2.894895E-4
9.823527E-5
7.367211E-5
3.802854E-4
3.101583E-4
2.248719E-4
3.302364E-4
3.441351E-4
3.424457E-4
6.224553E-5
2.349767E-4
8.667938E-5
2.954824E-4
1.131368E-4
1.131316E-4
3.821141E-4
2.253152E-4
1.344111E-4
1.811255E-4
1.888338E-4
2.305712E-4
3.594279E-4
4.483777E-4
6.431925E-4
4.619688E-4
4.052472E-4
1.206924E-4
1.152147E-4
2.822067E-4
2.411916E-4
5.317665E-5
2.969044E-4
1.782865E-4
1.901031E-4
6.478790E-5
2.838858E-4
9.830121E-5
4.301109E-4
3.062195E-4
1.671692E-4
2.272989E-4
1.694908E-4
8.222433E-5
2.655019E-4
1.278698E-4
1.592758E-4
1.113019E-4
2.795138E-4
2.268674E-4
2.286861E-4
8.731375E-5
1.427603E-4
2.733871E-4
1.175942E-5
2.392880E-4
1.759967E-4
1.946271E-5
7.295888E-5
3.147117E-4
5.411735E-5
8.581515E-5
9.481411E-5
2.285251E-4
1.289179E-4
4.903854E-5
1.165661E-4
1.396254E-4
8.237555E-5
1.908247E-4
1.135456E-4
9.660502E-5
1.605750E-4
9.519662E-5
2.370622E-4
1.681642E-4
2.724812E-4
1.624572E-4
9.394869E-5
2.261105E-4
1.956584E-4
9.092541E-5
1.697322E-4
3.406182E-4
1.940907E-4
2.190277E-4
2.676651E-4
9.946880E-5
1.577408E-4
1.607987E-4
1.019032E-4
1.685028E-4
7.802218E-5
1.678514E-4
1.333016E-4
3.002672E-4
3.067832E-4
3.377940E-5
4.349863E-5
1.334819E-4
1.385338E-4
1.714777E-4
1.511742E-4
9.322616E-5
5.882463E-5
2.245548E-5
1.676562E-4
1.287473E-4
1.254108E-4
9.403072E-5
1.141054E-4
1.325030E-4
2.499199E-4
2.601011E-4
3.415279E-4
2.004996E-4
1.819335E-4
3.086820E-4
1.279372E-4
1.263641E-4
2.412884E-4
9.153074E-5
1.455704E-4
9.902205E-5
1.942026E-4
8.338129E-5
1.069139E-4
1.419194E-4
8.941099E-5
1.850771E-4
2.762609E-4
2.052411E-4
1.254883E-4
1.622570E-4
2.378702E-4
1.743989E-4
1.136403E-4
1.960100E-4
7.587064E-5
1.307312E-4
2.191571E-4
1.604412E-4
5.093813E-5
2.830486E-4
4.861252E-5
1.138527E-4
1.903321E-4
3.764445E-5
1.579958E-4
9.536743E-5
1.170700E-4
4.414702E-5
1.513987E-4
4.850133E-5
7.902103E-5
6.805125E-5
4.152583E-5
1.574784E-4
1.567902E-5
1.092596E-4
9.774080E-5
9.425251E-5
1.947121E-4
2.993625E-4
1.272003E-4
2.276519E-4
2.080923E-4
1.369716E-4
1.937182E-4
2.367482E-4
2.372882E-4
7.603089E-5
1.844895E-4
6.620991E-5
9.727844E-5
2.127919E-4
2.701910E-4
5.829853E-5
2.566206E-4
8.045886E-5
1.877989E-4
2.030615E-4
9.335807E-5
1.882635E-4
5.161553E-5
2.714782E-4
1.958135E-4
4.668698E-5
5.645850E-5
4.094306E-5
1.492096E-4
2.687187E-4
1.242154E-4
7.500680E-5
8.733482E-5
7.229979E-5
1.091494E-4
1.064932E-4
1.143205E-5
1.435235E-4
9.187887E-5
3.492797E-4
1.646130E-4
1.700064E-4
1.153465E-4
8.623285E-5
2.082852E-4
3.093347E-5
2.542324E-4
2.443783E-4
3.148866E-5
9.931331E-5
1.340885E-4
9.686116E-5
1.236083E-4
2.157769E-5
1.916720E-4
1.742180E-4
1.901454E-4
2.935530E-4
1.341200E-4
9.012653E-5
1.770081E-4
2.000516E-4
2.986410E-4
1.524570E-4
1.185331E-4
1.899743E-4
1.555660E-4
2.100498E-4
1.515257E-5
1.819097E-4
1.575721E-4
2.523844E-4
1.028670E-4
1.594680E-4
1.469187E-4
2.090109E-4
1.466273E-4
1.963174E-4
1.955402E-4
9.637704E-5
1.752658E-4
1.146211E-4
3.924691E-5
9.032165E-5
1.850925E-4
1.098305E-4
6.876621E-5
8.038645E-5
1.523890E-4
1.601660E-4
2.442997E-4
1.418751E-4
1.557030E-4
8.781875E-5
1.545956E-4
1.221085E-4
1.565136E-4
1.414456E-4
3.037578E-4
2.037149E-4
1.492649E-4
1.475355E-4
1.674206E-4
1.242374E-4
1.390275E-4
1.937528E-4
1.696880E-5
1.284236E-4
1.507356E-4
1.782371E-4
1.257367E-4
1.162896E-4
7.000920E-5
2.297401E-4
8.500522E-5
1.475781E-4
1.446774E-4
7.924539E-5
2.405437E-4
4.459383E-5
1.966082E-4
1.150685E-4
1.525046E-4
1.653220E-4
2.884360E-4
1.189900E-4
1.384261E-4
2.299600E-4
1.253771E-4
7.384049E-5
1.040232E-4
7.795253E-5
