VirtualBench-DSA 2.5 Waveform File
X0: 0.000000E+0	Delta-X: 1.001603E+2
5.350113E-3
1.717059E-2
1.735462E-2
1.789749E-2
1.802880E-2
1.823984E-2
1.834793E-2
1.885037E-2
1.929480E-2
1.977507E-2
2.013911E-2
2.113168E-2
2.172491E-2
2.219270E-2
2.344250E-2
2.467297E-2
2.600878E-2
2.751448E-2
2.921582E-2
3.069403E-2
3.289995E-2
3.574751E-2
3.893692E-2
4.241417E-2
4.690209E-2
5.228584E-2
5.960568E-2
6.903824E-2
8.191209E-2
9.982067E-2
1.301784E-1
1.786799E-1
3.180344E-1
1.090684E+0
7.553850E-1
2.800220E-1
1.781318E-1
1.261034E-1
9.934992E-2
8.135051E-2
6.908561E-2
6.014334E-2
5.363146E-2
4.811390E-2
4.351071E-2
3.989364E-2
3.685928E-2
3.430908E-2
3.228671E-2
3.000156E-2
2.828190E-2
2.702453E-2
2.561905E-2
2.431081E-2
2.307719E-2
2.242210E-2
2.136134E-2
2.047848E-2
1.952652E-2
1.880985E-2
1.820893E-2
1.772773E-2
1.704031E-2
1.650734E-2
1.593805E-2
1.559682E-2
1.554938E-2
1.463980E-2
1.450050E-2
1.388232E-2
1.374530E-2
1.324146E-2
1.300108E-2
1.261510E-2
1.242146E-2
1.215135E-2
1.201978E-2
1.177837E-2
1.128902E-2
1.115407E-2
1.102931E-2
1.086604E-2
1.058671E-2
1.043028E-2
1.024089E-2
9.978774E-3
9.765904E-3
9.836410E-3
9.416027E-3
9.363993E-3
9.231334E-3
9.277715E-3
9.164620E-3
8.900313E-3
8.609884E-3
8.644871E-3
8.246581E-3
8.833454E-3
8.320292E-3
8.579529E-3
1.006127E-2
7.482398E-3
7.836345E-3
7.611848E-3
7.544220E-3
7.482088E-3
7.430135E-3
7.295974E-3
7.187230E-3
7.239828E-3
7.111166E-3
7.025996E-3
7.005334E-3
6.965426E-3
6.492614E-3
6.661501E-3
6.709282E-3
6.848452E-3
6.458954E-3
6.493148E-3
6.393333E-3
6.479334E-3
6.348616E-3
6.168285E-3
6.224430E-3
6.299643E-3
6.174343E-3
6.113160E-3
6.132720E-3
5.891966E-3
6.221452E-3
6.223587E-3
5.926271E-3
6.413749E-3
5.438737E-3
5.457945E-3
5.426737E-3
5.293356E-3
5.204639E-3
5.390923E-3
5.277690E-3
5.260996E-3
5.432574E-3
5.153163E-3
5.420562E-3
5.109138E-3
5.048867E-3
4.860704E-3
4.963619E-3
5.016752E-3
4.929116E-3
5.009118E-3
4.793449E-3
4.687599E-3
4.942712E-3
4.669642E-3
4.619151E-3
4.672882E-3
4.848601E-3
4.891701E-3
4.633169E-3
4.553042E-3
4.515948E-3
4.491448E-3
4.571822E-3
4.570250E-3
4.505437E-3
4.275443E-3
4.287501E-3
4.358075E-3
4.257933E-3
4.459038E-3
4.284774E-3
4.320194E-3
4.205019E-3
4.356114E-3
3.992407E-3
4.119989E-3
4.325391E-3
4.057211E-3
4.089253E-3
4.019229E-3
4.115425E-3
3.988251E-3
4.224611E-3
3.935189E-3
4.093557E-3
3.967137E-3
4.061731E-3
3.883171E-3
3.913977E-3
3.759790E-3
3.956171E-3
3.695903E-3
4.016452E-3
3.912849E-3
4.047422E-3
3.712508E-3
3.724205E-3
3.729256E-3
3.410374E-3
4.129888E-3
3.686722E-3
3.795536E-3
3.721035E-3
3.731528E-3
3.594022E-3
3.747153E-3
3.580400E-3
3.614656E-3
3.498728E-3
3.684740E-3
3.351580E-3
3.479721E-3
3.499639E-3
3.649679E-3
3.496743E-3
3.585932E-3
3.358083E-3
3.600316E-3
3.495056E-3
3.204855E-3
3.391340E-3
3.286840E-3
3.336143E-3
3.254980E-3
3.316146E-3
3.308959E-3
3.566124E-3
3.312932E-3
3.289288E-3
3.481441E-3
3.349729E-3
3.143148E-3
3.058158E-3
3.081979E-3
2.934039E-3
3.260524E-3
3.196517E-3
3.178400E-3
3.052320E-3
3.041375E-3
3.028083E-3
3.080062E-3
3.195813E-3
3.359310E-3
2.955980E-3
3.072697E-3
3.237416E-3
2.916316E-3
2.948437E-3
3.131124E-3
3.218131E-3
3.062368E-3
2.879423E-3
3.148769E-3
3.051102E-3
2.941338E-3
2.824138E-3
3.042779E-3
3.032780E-3
3.095135E-3
2.902376E-3
2.956717E-3
2.756845E-3
3.084058E-3
2.825143E-3
2.851474E-3
2.811716E-3
2.766283E-3
2.964872E-3
2.870141E-3
2.858450E-3
2.675241E-3
2.522745E-3
2.753426E-3
2.795857E-3
2.864540E-3
2.713189E-3
2.715704E-3
2.750787E-3
2.698218E-3
2.967263E-3
2.666521E-3
2.832296E-3
2.887723E-3
2.905234E-3
2.644264E-3
2.949987E-3
2.726899E-3
2.829438E-3
2.502193E-3
2.686345E-3
2.655968E-3
2.740521E-3
2.710937E-3
2.493492E-3
2.641317E-3
2.827819E-3
2.557932E-3
2.639263E-3
2.920483E-3
2.605703E-3
2.832332E-3
2.635794E-3
2.819323E-3
2.762824E-3
2.512507E-3
2.526578E-3
2.684520E-3
2.495708E-3
2.580476E-3
2.592800E-3
2.732251E-3
2.671889E-3
2.341005E-3
2.736860E-3
2.601953E-3
2.532254E-3
2.479280E-3
2.552769E-3
2.557545E-3
2.592366E-3
2.648247E-3
2.710040E-3
2.541498E-3
2.576210E-3
2.374041E-3
2.580185E-3
2.498859E-3
2.301344E-3
2.483622E-3
2.501130E-3
2.418462E-3
2.372197E-3
2.567758E-3
2.383285E-3
2.393932E-3
2.316743E-3
2.418580E-3
2.486059E-3
2.434316E-3
2.321129E-3
2.505794E-3
2.455236E-3
2.467625E-3
2.361102E-3
2.306351E-3
2.543764E-3
2.340072E-3
2.362479E-3
2.479937E-3
2.262070E-3
2.464015E-3
2.394681E-3
2.168661E-3
2.473102E-3
2.536351E-3
2.292572E-3
2.423014E-3
2.218834E-3
2.341161E-3
2.362531E-3
2.299765E-3
2.444863E-3
2.378803E-3
2.306554E-3
2.370381E-3
2.484953E-3
2.320793E-3
2.168337E-3
2.361291E-3
2.460310E-3
2.335298E-3
2.148325E-3
2.164256E-3
2.520500E-3
2.313744E-3
2.200188E-3
2.136046E-3
2.278779E-3
2.329826E-3
2.227488E-3
2.426808E-3
2.372155E-3
2.356593E-3
2.218442E-3
2.347217E-3
2.059312E-3
2.098685E-3
2.258408E-3
2.217700E-3
2.331739E-3
2.162533E-3
2.202738E-3
2.208034E-3
2.253264E-3
2.193095E-3
2.204050E-3
2.239672E-3
2.371610E-3
