VirtualBench-DSA 2.5 Waveform File
X0: 0.000000E+0	Delta-X: 1.001603E+2
2.050114E-1
1.055768E+0
8.673592E-1
2.366768E-1
1.208971E-1
6.819026E-2
4.944803E-2
4.036887E-2
3.502716E-2
2.916802E-2
2.445339E-2
2.116964E-2
1.899815E-2
1.728942E-2
1.565690E-2
1.482772E-2
1.336553E-2
1.223189E-2
1.168667E-2
1.114436E-2
1.044217E-2
9.974912E-3
9.413988E-3
8.934121E-3
8.780058E-3
8.175455E-3
7.501280E-3
7.533431E-3
7.154049E-3
6.941554E-3
6.875278E-3
6.450410E-3
5.914683E-3
5.899429E-3
5.789166E-3
5.629063E-3
5.557610E-3
5.392551E-3
4.951623E-3
4.991804E-3
5.110236E-3
5.127750E-3
4.733640E-3
4.662593E-3
4.428740E-3
4.339734E-3
4.247758E-3
3.886583E-3
4.020485E-3
4.476331E-3
4.369369E-3
3.818335E-3
3.923624E-3
3.638527E-3
3.680688E-3
3.642415E-3
3.744580E-3
3.393265E-3
3.289757E-3
3.168158E-3
3.227018E-3
3.066316E-3
3.178187E-3
2.931673E-3
2.865320E-3
3.080392E-3
3.037508E-3
3.119008E-3
2.838442E-3
2.938223E-3
2.754921E-3
2.918722E-3
2.668102E-3
2.666293E-3
2.861332E-3
2.604676E-3
2.731489E-3
2.651326E-3
2.492843E-3
2.563338E-3
2.347556E-3
2.484313E-3
2.478520E-3
2.351624E-3
2.370560E-3
2.265927E-3
2.251314E-3
2.296604E-3
2.287797E-3
2.232498E-3
2.160872E-3
2.220780E-3
2.215149E-3
1.972222E-3
2.157448E-3
2.193173E-3
2.063875E-3
3.132416E-3
2.174018E-3
2.001363E-3
2.011119E-3
1.813735E-3
1.883612E-3
2.056375E-3
1.705169E-3
2.025534E-3
1.836334E-3
1.813338E-3
1.791825E-3
1.596907E-3
1.718420E-3
1.820167E-3
1.916919E-3
1.748537E-3
1.607986E-3
1.771542E-3
1.860006E-3
1.772183E-3
1.642438E-3
1.742915E-3
1.588901E-3
1.700570E-3
1.510431E-3
1.751090E-3
1.466988E-3
1.477246E-3
1.528450E-3
1.426814E-3
1.388067E-3
1.433816E-3
1.245771E-3
1.227006E-3
1.873373E-3
1.414998E-3
1.474029E-3
1.560259E-3
1.325232E-3
1.476592E-3
1.494851E-3
1.461859E-3
1.323898E-3
1.441612E-3
1.199278E-3
1.380700E-3
1.304584E-3
1.493539E-3
1.290177E-3
1.332240E-3
1.321627E-3
1.466629E-3
1.266155E-3
1.312749E-3
1.176700E-3
1.323925E-3
1.372060E-3
1.417071E-3
1.355522E-3
1.236274E-3
1.347148E-3
1.345450E-3
1.158904E-3
1.182810E-3
1.162752E-3
1.173015E-3
1.452612E-3
1.105712E-3
1.185526E-3
1.276205E-3
1.477591E-3
1.297035E-3
1.296075E-3
1.178260E-3
1.188583E-3
1.112513E-3
1.137487E-3
1.212213E-3
1.060718E-3
1.224906E-3
1.089120E-3
1.145426E-3
1.256791E-3
1.034412E-3
1.000445E-3
1.228830E-3
1.229557E-3
1.021095E-3
1.125602E-3
1.042387E-3
1.038598E-3
1.005562E-3
1.030940E-3
9.499024E-4
1.063923E-3
1.007368E-3
9.813199E-4
1.110840E-3
1.057290E-3
1.084275E-3
1.088256E-3
1.060065E-3
1.028613E-3
7.398920E-4
1.055044E-3
1.135571E-3
1.102456E-3
1.084126E-3
1.254368E-3
1.065803E-3
1.026393E-3
1.013090E-3
9.945069E-4
9.983569E-4
8.807470E-4
9.553620E-4
1.027998E-3
1.024357E-3
8.812982E-4
1.091677E-3
1.057816E-3
1.153867E-3
9.848528E-4
8.971631E-4
1.058009E-3
9.701225E-4
9.020224E-4
8.139634E-4
1.085509E-3
8.438184E-4
1.043903E-3
7.815070E-4
7.313566E-4
7.692735E-4
8.983248E-4
8.838043E-4
7.937963E-4
7.639985E-4
8.667456E-4
1.013120E-3
8.161423E-4
8.239826E-4
1.007784E-3
9.520775E-4
5.625342E-4
1.041902E-3
9.728638E-4
9.072057E-4
7.735784E-4
9.189589E-4
8.935027E-4
7.003689E-4
9.302183E-4
6.815159E-4
7.105722E-4
5.728866E-4
8.283277E-4
9.297864E-4
7.337717E-4
8.908587E-4
9.664486E-4
7.145836E-4
8.407391E-4
8.262284E-4
7.671145E-4
9.026811E-4
8.362614E-4
7.849452E-4
6.637565E-4
7.688847E-4
8.788709E-4
7.744134E-4
9.991863E-4
9.025337E-4
7.209077E-4
6.816400E-4
7.418866E-4
9.943356E-4
7.725644E-4
7.832113E-4
8.357537E-4
8.468079E-4
7.622583E-4
6.642350E-4
9.313587E-4
9.364104E-4
7.532237E-4
6.785401E-4
7.850191E-4
8.685507E-4
7.590389E-4
7.166131E-4
5.508247E-4
7.432271E-4
6.542013E-4
6.641618E-4
9.248581E-4
8.670769E-4
6.689368E-4
8.255647E-4
7.637934E-4
7.681176E-4
8.528185E-4
8.018633E-4
8.638747E-4
8.127949E-4
5.193666E-4
7.631933E-4
5.862729E-4
8.179089E-4
7.386890E-4
7.169937E-4
7.812228E-4
7.254436E-4
7.712223E-4
7.251688E-4
7.814397E-4
6.643386E-4
6.708038E-4
7.647939E-4
9.261809E-4
7.338509E-4
6.159599E-4
7.585366E-4
7.608262E-4
6.792249E-4
7.702179E-4
8.039759E-4
7.794691E-4
7.518192E-4
6.727109E-4
6.505608E-4
6.654177E-4
6.053096E-4
6.564441E-4
8.054631E-4
7.716976E-4
7.740651E-4
7.085536E-4
5.710641E-4
6.113640E-4
7.105992E-4
7.437226E-4
8.128422E-4
7.218455E-4
5.546894E-4
4.284167E-4
7.294857E-4
6.417415E-4
6.639081E-4
6.966314E-4
5.325057E-4
5.329260E-4
6.353780E-4
6.804537E-4
6.294686E-4
7.641770E-4
6.398692E-4
7.631452E-4
6.739996E-4
6.244697E-4
6.911343E-4
5.279580E-4
6.461189E-4
7.001700E-4
8.181345E-4
4.963040E-4
6.612217E-4
7.234002E-4
5.657173E-4
8.868714E-4
8.213050E-4
4.766839E-4
4.120595E-4
3.993893E-4
8.348598E-4
6.399801E-4
8.548645E-4
6.590509E-4
5.458194E-4
6.535627E-4
7.374842E-4
6.143261E-4
6.439544E-4
5.482452E-4
8.767661E-4
6.732282E-4
6.634634E-4
6.456598E-4
6.243997E-4
8.848874E-4
6.723156E-4
5.967683E-4
7.265409E-4
5.059414E-4
5.940011E-4
6.862360E-4
8.549531E-4
5.556502E-4
8.188694E-4
6.106516E-4
6.618456E-4
5.809799E-4
