VirtualBench-DSA 2.5 Waveform File
X0: 0.000000E+0	Delta-X: 1.001603E+2
2.436638E-3
2.970035E-2
1.458239E+0
5.244454E-2
2.868212E-2
2.088486E-2
2.386048E-2
1.267963E-2
1.292344E-2
9.214059E-3
7.708482E-3
7.894781E-3
6.465296E-3
6.817802E-3
6.172583E-3
5.736338E-3
5.625922E-3
4.969414E-3
4.673913E-3
4.474901E-3
4.254391E-3
3.775647E-3
3.554399E-3
3.848915E-3
3.664120E-3
3.518303E-3
3.657398E-3
2.764367E-3
2.902587E-3
2.603807E-3
2.662946E-3
2.675872E-3
2.588396E-3
2.655687E-3
2.619339E-3
2.244269E-3
2.149670E-3
2.134080E-3
2.189402E-3
1.902498E-3
2.184851E-3
2.089688E-3
1.933372E-3
1.871454E-3
1.893456E-3
1.781158E-3
1.753032E-3
1.709509E-3
1.199292E-3
2.253498E-3
2.012715E-3
1.767701E-3
1.738369E-3
1.722074E-3
1.598132E-3
1.405915E-3
1.696183E-3
1.494793E-3
1.458270E-3
1.593630E-3
1.402213E-3
1.408460E-3
1.372631E-3
1.221471E-3
1.185096E-3
1.238200E-3
1.292708E-3
1.387395E-3
1.444845E-3
1.294992E-3
1.128244E-3
1.362869E-3
1.108196E-3
1.371777E-3
1.272304E-3
1.097182E-3
1.095658E-3
1.248142E-3
1.155859E-3
1.235021E-3
1.155474E-3
1.038979E-3
1.099798E-3
9.447557E-4
1.144317E-3
9.566975E-4
9.888776E-4
1.182923E-3
9.751151E-4
1.029233E-3
1.160398E-3
8.726835E-4
9.468324E-4
9.595786E-4
9.549126E-4
1.119871E-3
9.916290E-4
2.057458E-3
7.404241E-4
6.644655E-4
8.419458E-4
8.330281E-4
9.273769E-4
8.817255E-4
8.959475E-4
7.923027E-4
8.012146E-4
7.379340E-4
8.366197E-4
7.548111E-4
8.141567E-4
5.974170E-4
8.342267E-4
7.672471E-4
7.564819E-4
7.984163E-4
6.649222E-4
6.189419E-4
6.760644E-4
8.008870E-4
5.861769E-4
6.564361E-4
7.710489E-4
7.335867E-4
7.429903E-4
6.337432E-4
7.575768E-4
5.452227E-4
7.136049E-4
6.815698E-4
8.266582E-4
1.469203E-4
1.271981E-3
9.179735E-4
7.874055E-4
6.591737E-4
8.132445E-4
6.217922E-4
8.692615E-4
4.715249E-4
7.267091E-4
5.957264E-4
3.509112E-4
7.471496E-4
5.465997E-4
7.934415E-4
5.028971E-4
7.421435E-4
6.060081E-4
4.674032E-4
5.461358E-4
4.201826E-4
5.108796E-4
5.937844E-4
6.198099E-4
6.261794E-4
6.271276E-4
5.636632E-4
6.717588E-4
4.657363E-4
5.708721E-4
3.823138E-4
4.570117E-4
4.795933E-4
5.679043E-4
4.794068E-4
5.724842E-4
6.044449E-4
3.582470E-4
6.947853E-4
4.956080E-4
5.593420E-4
5.436612E-4
6.534187E-4
4.573225E-4
4.910703E-4
4.384388E-4
5.753472E-4
5.150383E-4
4.496760E-4
4.529520E-4
4.553171E-4
4.854614E-4
4.731808E-4
5.224152E-4
4.165838E-4
6.600840E-4
4.306284E-4
5.296216E-4
4.386490E-4
3.725426E-4
3.970482E-4
5.709222E-4
7.680957E-4
7.597952E-4
4.173594E-4
3.651145E-4
4.709144E-4
3.030192E-4
3.543625E-4
5.415728E-4
5.659178E-4
6.454763E-4
3.184615E-4
4.072505E-4
3.555941E-4
4.859273E-4
4.793456E-4
4.601244E-4
3.496819E-4
5.075728E-4
4.779871E-4
5.388488E-4
5.752200E-4
4.215492E-4
4.146094E-4
6.018416E-4
4.589320E-4
3.362192E-4
5.426374E-4
4.296665E-4
4.751080E-4
5.949885E-4
4.621424E-4
3.261772E-4
3.547378E-4
3.569994E-4
3.887659E-4
4.017386E-4
4.471852E-4
5.140907E-4
5.610357E-4
5.225823E-4
4.496594E-4
5.144621E-4
3.391612E-4
4.121614E-4
4.010046E-4
3.675552E-4
2.998614E-4
3.087762E-4
3.904622E-4
3.488159E-4
1.111397E-4
4.197257E-4
4.044746E-4
3.823515E-4
3.244632E-4
2.644213E-4
6.039020E-4
2.664867E-4
2.912040E-4
5.682852E-4
3.396321E-4
4.369367E-4
2.886567E-4
4.154782E-4
3.719980E-4
1.259295E-4
4.037989E-4
2.786046E-4
3.545233E-4
3.908329E-4
3.663302E-4
3.135345E-4
4.871838E-4
4.059044E-4
3.281369E-4
3.125535E-4
4.508494E-4
4.266174E-4
3.913824E-4
4.397724E-4
3.209500E-4
3.715865E-4
2.688921E-4
3.054434E-4
3.455716E-4
1.904188E-4
3.503490E-4
2.747215E-4
3.073961E-4
3.624773E-4
4.383793E-4
2.565012E-4
2.020238E-4
2.868969E-4
3.439316E-4
3.318382E-4
2.349593E-4
3.750770E-4
2.542760E-4
4.458695E-4
3.082608E-4
4.263245E-4
3.330680E-4
3.680547E-4
3.183005E-4
3.787381E-4
2.947421E-4
4.648313E-4
3.479523E-4
2.890237E-4
3.013295E-4
4.547896E-4
3.349118E-4
3.783540E-4
3.148349E-4
4.569728E-4
2.410023E-4
2.721498E-4
2.924497E-4
3.224672E-4
3.089888E-4
2.394423E-4
2.411437E-4
2.145472E-4
2.611489E-4
6.651781E-4
1.956922E-4
2.973006E-4
3.972417E-4
4.816348E-4
4.169287E-4
4.147387E-4
1.873105E-4
1.838385E-4
2.507907E-4
3.347689E-4
3.407254E-4
2.590769E-4
3.098044E-4
3.354745E-4
3.044161E-4
4.992364E-4
3.810835E-4
3.233003E-4
3.149008E-4
4.356782E-4
4.497701E-4
3.801929E-4
2.465596E-4
2.735576E-4
3.236291E-4
3.580771E-4
4.501795E-4
3.868532E-4
3.999806E-4
4.424906E-4
3.342420E-4
2.154870E-4
3.508930E-4
4.187699E-4
2.287099E-4
2.116865E-4
3.945096E-4
3.207969E-4
3.910822E-4
4.324723E-4
3.149525E-4
3.364178E-4
3.468738E-4
5.935306E-4
6.273312E-5
2.994213E-4
4.035995E-4
2.578209E-4
2.903051E-4
2.428547E-4
2.965479E-4
1.042898E-4
4.089768E-4
1.692650E-4
3.102155E-4
4.600554E-4
3.741760E-4
4.183461E-4
2.725264E-4
2.179010E-4
1.351586E-4
6.070322E-4
3.310175E-4
2.099839E-4
2.721735E-4
1.632247E-4
3.857138E-4
2.888348E-4
3.580511E-4
1.988267E-4
3.097355E-4
2.351563E-4
3.180831E-4
3.685625E-4
2.598177E-4
3.023534E-4
2.687572E-4
3.704236E-4
3.166219E-4
1.982590E-4
1.321820E-4
3.656445E-4
