VirtualBench-DSA 2.5 Waveform File
X0: 0.000000E+0	Delta-X: 9.750000E-6
1.464844E-1
1.005859E+0
6.591797E-1
-4.687500E-1
-1.040039E+0
-3.710938E-1
7.275391E-1
9.814453E-1
5.371094E-2
-9.326172E-1
-8.056641E-1
2.636719E-1
1.035156E+0
5.615234E-1
-5.712891E-1
-1.025391E+0
-2.636719E-1
8.056641E-1
9.277344E-1
-6.347656E-2
-9.814453E-1
-7.226563E-1
3.759766E-1
1.054687E+0
4.589844E-1
-6.640625E-1
-1.000977E+0
-1.464844E-1
8.789062E-1
8.642578E-1
-1.806641E-1
-1.015625E+0
-6.347656E-1
4.785156E-1
1.054687E+0
3.515625E-1
-7.519531E-1
-9.619141E-1
-3.417969E-2
9.375000E-1
7.910156E-1
-2.978516E-1
-1.035156E+0
-5.371094E-1
5.810547E-1
1.035156E+0
2.392578E-1
-8.300781E-1
-9.082031E-1
8.300781E-2
9.863281E-1
7.080078E-1
-4.101562E-1
-1.044922E+0
-4.345703E-1
6.738281E-1
1.000977E+0
1.171875E-1
-8.984375E-1
-8.447266E-1
2.001953E-1
1.020508E+0
6.152344E-1
-5.175781E-1
-1.035156E+0
-3.271484E-1
7.617187E-1
9.619141E-1
4.882812E-3
-9.521484E-1
-7.714844E-1
3.125000E-1
1.044922E+0
5.175781E-1
-6.152344E-1
-1.015625E+0
-2.099609E-1
8.349609E-1
9.033203E-1
-1.171875E-1
-9.960937E-1
-6.835937E-1
4.199219E-1
1.054687E+0
4.101562E-1
-7.080078E-1
-9.863281E-1
-9.765625E-2
9.082031E-1
8.349609E-1
-2.294922E-1
-1.025391E+0
-5.908203E-1
5.224609E-1
1.044922E+0
2.978516E-1
-7.910156E-1
-9.375000E-1
1.953125E-2
9.619141E-1
7.568359E-1
-3.466797E-1
-1.040039E+0
-4.931641E-1
6.250000E-1
1.020508E+0
1.855469E-1
-8.642578E-1
-8.837891E-1
1.367187E-1
1.005859E+0
6.689453E-1
-4.541016E-1
-1.040039E+0
-3.857422E-1
7.128906E-1
9.863281E-1
6.835937E-2
-9.228516E-1
-8.105469E-1
2.490234E-1
1.035156E+0
5.712891E-1
-5.615234E-1
-1.030273E+0
-2.783203E-1
7.958984E-1
9.375000E-1
-5.371094E-2
-9.716797E-1
-7.324219E-1
3.662109E-1
1.054687E+0
4.687500E-1
-6.591797E-1
-1.005859E+0
-1.562500E-1
8.740234E-1
8.740234E-1
-1.708984E-1
-1.010742E+0
-6.445312E-1
4.687500E-1
1.049805E+0
3.564453E-1
-7.470703E-1
-9.667969E-1
-3.906250E-2
9.326172E-1
7.958984E-1
-2.880859E-1
-1.030273E+0
-5.419922E-1
5.761719E-1
1.035156E+0
2.441406E-1
-8.251953E-1
-9.130859E-1
7.812500E-2
9.863281E-1
7.128906E-1
-4.003906E-1
-1.040039E+0
-4.443359E-1
6.689453E-1
1.005859E+0
1.269531E-1
-8.935547E-1
-8.496094E-1
1.953125E-1
1.020508E+0
6.250000E-1
-5.078125E-1
-1.035156E+0
-3.320312E-1
7.568359E-1
9.619141E-1
9.765625E-3
-9.521484E-1
-7.763672E-1
3.076172E-1
1.044922E+0
5.224609E-1
-6.103516E-1
-1.020508E+0
-2.197266E-1
8.300781E-1
9.033203E-1
-1.123047E-1
-9.912109E-1
-6.884766E-1
4.199219E-1
1.059570E+0
4.150391E-1
-6.982422E-1
-9.863281E-1
-1.025391E-1
9.033203E-1
8.349609E-1
-2.294922E-1
-1.025391E+0
-5.957031E-1
5.224609E-1
1.044922E+0
3.027344E-1
-7.861328E-1
-9.423828E-1
1.464844E-2
9.570312E-1
7.568359E-1
-3.417969E-1
-1.040039E+0
-4.931641E-1
6.250000E-1
1.020508E+0
1.855469E-1
-8.642578E-1
-8.837891E-1
1.318359E-1
1.000977E+0
6.738281E-1
-4.541016E-1
-1.040039E+0
-3.857422E-1
7.128906E-1
9.863281E-1
6.835937E-2
-9.228516E-1
-8.154297E-1
2.490234E-1
1.035156E+0
5.761719E-1
-5.566406E-1
-1.030273E+0
-2.734375E-1
7.958984E-1
9.375000E-1
-4.882812E-2
-9.716797E-1
-7.324219E-1
3.613281E-1
1.049805E+0
4.736328E-1
-6.542969E-1
-1.005859E+0
-1.611328E-1
8.691406E-1
8.740234E-1
-1.708984E-1
-1.010742E+0
-6.445312E-1
4.736328E-1
1.054687E+0
3.613281E-1
-7.421875E-1
-9.667969E-1
-4.394531E-2
9.326172E-1
8.007812E-1
-2.880859E-1
-1.035156E+0
-5.468750E-1
5.712891E-1
1.035156E+0
2.490234E-1
-8.251953E-1
-9.130859E-1
7.324219E-2
9.814453E-1
7.128906E-1
-4.003906E-1
-1.040039E+0
-4.443359E-1
6.689453E-1
1.005859E+0
1.318359E-1
-8.935547E-1
-8.496094E-1
1.904297E-1
1.020508E+0
6.250000E-1
-5.078125E-1
-1.035156E+0
-3.369141E-1
7.519531E-1
9.619141E-1
9.765625E-3
-9.521484E-1
-7.763672E-1
3.027344E-1
1.044922E+0
5.273437E-1
-6.054687E-1
-1.020508E+0
-2.197266E-1
8.349609E-1
9.082031E-1
-1.074219E-1
-9.912109E-1
-6.933594E-1
4.150391E-1
1.054687E+0
4.199219E-1
-7.031250E-1
-9.912109E-1
-1.074219E-1
9.033203E-1
8.398437E-1
-2.246094E-1
-1.025391E+0
-6.005859E-1
5.175781E-1
1.044922E+0
3.076172E-1
-7.812500E-1
-9.423828E-1
1.464844E-2
9.619141E-1
7.617187E-1
-3.417969E-1
-1.040039E+0
-4.980469E-1
6.152344E-1
1.020508E+0
1.904297E-1
-8.593750E-1
-8.886719E-1
1.269531E-1
1.000977E+0
6.689453E-1
-4.541016E-1
-1.044922E+0
-3.906250E-1
7.128906E-1
9.863281E-1
7.324219E-2
-9.228516E-1
-8.154297E-1
2.490234E-1
1.035156E+0
5.761719E-1
-5.566406E-1
-1.030273E+0
-2.783203E-1
7.958984E-1
9.375000E-1
-4.882812E-2
-9.716797E-1
-7.373047E-1
3.564453E-1
1.049805E+0
4.736328E-1
-6.542969E-1
-1.005859E+0
-1.660156E-1
8.691406E-1
8.789062E-1
-1.660156E-1
-1.010742E+0
-6.445312E-1
4.687500E-1
1.049805E+0
3.613281E-1
-7.421875E-1
-9.667969E-1
-4.882812E-2
9.326172E-1
8.007812E-1
-2.832031E-1
-1.035156E+0
-5.468750E-1
5.712891E-1
1.035156E+0
2.490234E-1
-8.251953E-1
-9.130859E-1
7.324219E-2
9.863281E-1
7.177734E-1
-3.955078E-1
-1.040039E+0
-4.443359E-1
6.640625E-1
1.005859E+0
1.318359E-1
-8.935547E-1
-8.496094E-1
1.904297E-1
1.020508E+0
6.250000E-1
-5.078125E-1
-1.035156E+0
-3.320312E-1
7.519531E-1
9.619141E-1
9.765625E-3
-9.521484E-1
-7.714844E-1
3.076172E-1
1.044922E+0
5.224609E-1
-6.103516E-1
-1.015625E+0
-2.148437E-1
8.349609E-1
9.033203E-1
-1.123047E-1
-9.912109E-1
-6.884766E-1
4.199219E-1
1.054687E+0
4.101562E-1
-7.031250E-1
-9.863281E-1
-9.765625E-2
9.082031E-1
8.349609E-1
-2.294922E-1
-1.025391E+0
-5.908203E-1
5.273437E-1
1.044922E+0
2.978516E-1
-7.910156E-1
-9.375000E-1
2.441406E-2
9.619141E-1
7.519531E-1
-3.466797E-1
-1.040039E+0
-4.882812E-1
6.250000E-1
1.020508E+0
1.806641E-1
-8.691406E-1
-8.837891E-1
1.416016E-1
1.005859E+0
6.640625E-1
-4.589844E-1
-1.040039E+0
-3.808594E-1
7.177734E-1
9.814453E-1
5.859375E-2
-9.277344E-1
-8.105469E-1
2.587891E-1
1.035156E+0
5.664062E-1
-5.664062E-1
-1.025391E+0
-2.636719E-1
8.007812E-1
9.277344E-1
-6.347656E-2
-9.765625E-1
-7.226563E-1
3.759766E-1
1.054687E+0
4.589844E-1
-6.640625E-1
-1.000977E+0
-1.464844E-1
8.789062E-1
8.642578E-1
-1.855469E-1
-1.010742E+0
-6.347656E-1
4.833984E-1
1.049805E+0
3.466797E-1
-7.568359E-1
-9.570312E-1
-2.929687E-2
9.375000E-1
7.861328E-1
-3.027344E-1
-1.035156E+0
-5.322266E-1
5.859375E-1
1.035156E+0
2.294922E-1
-8.349609E-1
-9.033203E-1
9.277344E-2
9.912109E-1
6.982422E-1
-4.199219E-1
-1.040039E+0
-4.248047E-1
6.835937E-1
1.000977E+0
1.074219E-1
-9.082031E-1
-8.398437E-1
2.099609E-1
1.025391E+0
6.054687E-1
-5.273437E-1
-1.035156E+0
-3.076172E-1
7.714844E-1
9.570312E-1
-1.464844E-2
-9.619141E-1
-7.617187E-1
3.271484E-1
1.044922E+0
4.980469E-1
-6.298828E-1
-1.010742E+0
-1.953125E-1
8.496094E-1
8.886719E-1
-1.367187E-1
-1.000977E+0
-6.738281E-1
4.394531E-1
1.054687E+0
3.906250E-1
-7.226563E-1
-9.765625E-1
-7.324219E-2
9.179687E-1
8.203125E-1
-2.587891E-1
-1.030273E+0
-5.712891E-1
5.468750E-1
1.040039E+0
2.734375E-1
-8.056641E-1
-9.277344E-1
4.882812E-2
9.716797E-1
7.324219E-1
-3.808594E-1
-1.044922E+0
-4.638672E-1
6.494141E-1
1.010742E+0
1.513672E-1
-8.789062E-1
-8.642578E-1
1.708984E-1
1.015625E+0
6.396484E-1
-4.882812E-1
-1.040039E+0
-3.515625E-1
7.421875E-1
9.667969E-1
2.929687E-2
-9.423828E-1
-7.910156E-1
2.880859E-1
1.040039E+0
5.371094E-1
-5.957031E-1
-1.020508E+0
-2.343750E-1
8.251953E-1
9.130859E-1
-9.277344E-2
-9.863281E-1
-6.982422E-1
4.052734E-1
1.054687E+0
4.296875E-1
-6.933594E-1
-9.912109E-1
-1.171875E-1
8.935547E-1
8.447266E-1
-2.148437E-1
-1.020508E+0
-6.054687E-1
5.078125E-1
1.044922E+0
3.125000E-1
-7.812500E-1
-9.472656E-1
4.882812E-3
9.570312E-1
7.666016E-1
-3.320312E-1
-1.040039E+0
-5.029297E-1
6.152344E-1
1.025391E+0
1.904297E-1
-8.593750E-1
-8.886719E-1
1.269531E-1
1.000977E+0
6.738281E-1
-4.492187E-1
-1.040039E+0
-3.906250E-1
7.080078E-1
9.863281E-1
7.324219E-2
-9.228516E-1
-8.154297E-1
2.490234E-1
1.035156E+0
5.761719E-1
-5.566406E-1
-1.030273E+0
-2.783203E-1
7.958984E-1
9.375000E-1
-5.371094E-2
-9.716797E-1
-7.324219E-1
3.613281E-1
1.054687E+0
4.638672E-1
-6.591797E-1
-1.000977E+0
-1.562500E-1
8.691406E-1
8.691406E-1
-1.757812E-1
-1.010742E+0
-6.396484E-1
4.785156E-1
1.054687E+0
3.515625E-1
-7.519531E-1
-9.619141E-1
-3.417969E-2
9.375000E-1
7.910156E-1
-2.929687E-1
-1.035156E+0
-5.371094E-1
5.810547E-1
1.030273E+0
2.343750E-1
-8.300781E-1
-9.082031E-1
8.789062E-2
9.863281E-1
7.080078E-1
-4.101562E-1
-1.040039E+0
-4.296875E-1
6.787109E-1
1.000977E+0
1.171875E-1
-9.033203E-1
-8.447266E-1
2.050781E-1
1.020508E+0
6.103516E-1
-5.224609E-1
-1.035156E+0
-3.173828E-1
7.666016E-1
9.521484E-1
-1.464844E-2
-9.619141E-1
-7.617187E-1
3.271484E-1
1.049805E+0
5.078125E-1
-6.250000E-1
-1.015625E+0
-2.001953E-1
8.447266E-1
8.935547E-1
-1.318359E-1
-1.000977E+0
-6.738281E-1
4.345703E-1
1.054687E+0
3.955078E-1
-7.226563E-1
-9.765625E-1
-7.812500E-2
9.130859E-1
8.203125E-1
-2.539062E-1
-1.030273E+0
-5.761719E-1
5.419922E-1
1.044922E+0
2.783203E-1
-8.007812E-1
-9.277344E-1
4.394531E-2
9.667969E-1
7.373047E-1
-3.710938E-1
-1.040039E+0
-4.687500E-1
6.445312E-1
1.015625E+0
1.562500E-1
-8.789062E-1
-8.691406E-1
1.611328E-1
1.010742E+0
6.445312E-1
-4.785156E-1
-1.040039E+0
-3.613281E-1
7.324219E-1
9.765625E-1
4.394531E-2
-9.375000E-1
-7.910156E-1
2.783203E-1
1.040039E+0
5.468750E-1
-5.859375E-1
-1.025391E+0
-2.441406E-1
8.154297E-1
9.228516E-1
-8.300781E-2
-9.863281E-1
-7.128906E-1
3.906250E-1
1.054687E+0
4.394531E-1
-6.787109E-1
-9.912109E-1
-1.269531E-1
8.886719E-1
8.544922E-1
-2.001953E-1
-1.015625E+0
-6.201172E-1
4.980469E-1
1.049805E+0
3.271484E-1
-7.714844E-1
-9.521484E-1
-9.765625E-3
9.472656E-1
7.763672E-1
-3.173828E-1
-1.035156E+0
-5.224609E-1
6.005859E-1
1.030273E+0
2.148437E-1
-8.447266E-1
-8.984375E-1
1.074219E-1
9.960937E-1
6.884766E-1
-4.296875E-1
-1.044922E+0
-4.101562E-1
6.933594E-1
9.960937E-1
9.765625E-2
-9.130859E-1
-8.300781E-1
2.246094E-1
1.030273E+0
5.957031E-1
-5.371094E-1
-1.035156E+0
-3.027344E-1
7.812500E-1
9.472656E-1
-2.441406E-2
-9.667969E-1
-7.519531E-1
3.417969E-1
1.049805E+0
4.931641E-1
-6.396484E-1
-1.010742E+0
-1.855469E-1
8.544922E-1
8.886719E-1
-1.464844E-1
-1.005859E+0
-6.640625E-1
4.492187E-1
1.054687E+0
3.808594E-1
-7.324219E-1
-9.716797E-1
-6.347656E-2
9.228516E-1
8.154297E-1
-2.636719E-1
-1.030273E+0
-5.664062E-1
5.517578E-1
1.040039E+0
2.685547E-1
-8.105469E-1
-9.228516E-1
5.371094E-2
9.765625E-1
7.324219E-1
-3.808594E-1
-1.040039E+0
-4.638672E-1
6.494141E-1
1.010742E+0
1.464844E-1
-8.837891E-1
-8.593750E-1
1.757812E-1
1.015625E+0
6.396484E-1
-4.882812E-1
-1.040039E+0
-3.515625E-1
7.421875E-1
9.667969E-1
2.929687E-2
-9.423828E-1
-7.861328E-1
2.880859E-1
1.040039E+0
5.371094E-1
-5.957031E-1
-1.025391E+0
-2.343750E-1
8.203125E-1
9.130859E-1
-9.277344E-2
-9.863281E-1
-7.031250E-1
4.003906E-1
1.054687E+0
4.345703E-1
-6.884766E-1
-9.912109E-1
-1.171875E-1
8.935547E-1
8.447266E-1
-2.148437E-1
-1.020508E+0
-6.103516E-1
5.078125E-1
1.049805E+0
3.222656E-1
-7.763672E-1
-9.521484E-1
0.000000E+0
9.521484E-1
7.714844E-1
-3.271484E-1
-1.035156E+0
-5.078125E-1
6.103516E-1
1.025391E+0
2.001953E-1
-8.496094E-1
-8.935547E-1
1.171875E-1
1.000977E+0
6.835937E-1
-4.443359E-1
-1.040039E+0
-4.003906E-1
7.031250E-1
9.912109E-1
8.300781E-2
-9.179687E-1
-8.251953E-1
2.343750E-1
1.030273E+0
5.859375E-1
-5.468750E-1
-1.030273E+0
-2.880859E-1
7.861328E-1
9.423828E-1
-3.906250E-2
-9.667969E-1
-7.421875E-1
3.564453E-1
1.049805E+0
4.785156E-1
-6.494141E-1
-1.005859E+0
-1.708984E-1
8.642578E-1
8.789062E-1
-1.611328E-1
-1.010742E+0
-6.542969E-1
4.589844E-1
1.054687E+0
3.710938E-1
-7.373047E-1
-9.667969E-1
-5.371094E-2
9.277344E-1
8.056641E-1
-2.783203E-1
-1.035156E+0
-5.566406E-1
5.615234E-1
1.035156E+0
2.539062E-1
-8.203125E-1
-9.179687E-1
6.347656E-2
9.765625E-1
7.177734E-1
-3.906250E-1
-1.040039E+0
-4.492187E-1
6.640625E-1
1.010742E+0
1.367187E-1
-8.886719E-1
-8.544922E-1
1.806641E-1
1.020508E+0
6.298828E-1
-4.980469E-1
-1.035156E+0
-3.417969E-1
7.470703E-1
9.667969E-1
1.953125E-2
-9.472656E-1
-7.812500E-1
2.929687E-1
1.040039E+0
5.322266E-1
-6.005859E-1
-1.020508E+0
-2.246094E-1
8.300781E-1
9.082031E-1
-1.025391E-1
-9.912109E-1
-6.982422E-1
4.101562E-1
1.054687E+0
4.199219E-1
-6.982422E-1
-9.863281E-1
-1.074219E-1
8.984375E-1
8.398437E-1
-2.197266E-1
-1.020508E+0
-6.054687E-1
5.175781E-1
1.044922E+0
3.125000E-1
-7.812500E-1
-9.423828E-1
9.765625E-3
9.570312E-1
7.617187E-1
-3.369141E-1
-1.040039E+0
-5.029297E-1
6.152344E-1
1.025391E+0
1.953125E-1
-8.544922E-1
-8.886719E-1
1.269531E-1
1.000977E+0
6.738281E-1
-4.541016E-1
-1.044922E+0
-3.955078E-1
7.080078E-1
9.863281E-1
7.812500E-2
-9.179687E-1
-8.154297E-1
2.441406E-1
1.030273E+0
5.810547E-1
-5.566406E-1
-1.030273E+0
-2.832031E-1
7.910156E-1
9.375000E-1
-4.394531E-2
-9.716797E-1
-7.373047E-1
3.564453E-1
1.049805E+0
4.736328E-1
-6.542969E-1
-1.005859E+0
-1.660156E-1
8.691406E-1
8.789062E-1
-1.611328E-1
-1.005859E+0
-6.494141E-1
4.638672E-1
1.049805E+0
3.662109E-1
-7.421875E-1
-9.667969E-1
-4.882812E-2
9.326172E-1
8.007812E-1
-2.832031E-1
-1.035156E+0
-5.517578E-1
5.664062E-1
1.035156E+0
2.539062E-1
-8.203125E-1
-9.179687E-1
6.835937E-2
9.814453E-1
7.226563E-1
-3.906250E-1
-1.040039E+0
