VirtualBench-DSA 2.5 Waveform File
X0: 0.000000E+0	Delta-X: 1.001603E+2
5.769730E-4
2.990178E-3
3.126193E-3
3.138237E-3
3.212980E-3
3.064452E-3
3.114618E-3
3.166920E-3
3.282577E-3
3.093417E-3
3.170365E-3
3.094114E-3
3.139630E-3
3.297865E-3
2.971982E-3
3.124817E-3
3.189098E-3
3.086875E-3
3.512096E-3
3.481593E-3
2.958882E-3
3.193166E-3
3.015825E-3
3.269526E-3
3.251916E-3
3.306954E-3
3.187821E-3
3.215562E-3
3.279626E-3
3.316154E-3
3.112074E-3
3.285070E-3
3.295613E-3
2.981131E-3
3.188164E-3
3.019785E-3
3.447693E-3
3.521876E-3
3.083280E-3
3.303912E-3
3.232189E-3
3.232027E-3
3.400335E-3
3.424602E-3
3.178393E-3
3.332205E-3
3.359057E-3
3.506056E-3
3.876831E-3
3.034395E-3
3.257247E-3
3.443440E-3
3.246480E-3
3.303377E-3
3.585715E-3
3.452665E-3
3.199752E-3
3.496842E-3
3.353331E-3
3.473823E-3
3.473687E-3
3.591061E-3
3.451053E-3
3.488971E-3
3.487245E-3
3.518515E-3
3.370179E-3
3.539548E-3
3.654011E-3
3.547580E-3
3.789871E-3
3.610342E-3
3.664254E-3
3.624515E-3
3.512337E-3
3.770108E-3
3.768483E-3
3.742475E-3
3.836508E-3
3.725843E-3
3.812947E-3
3.842002E-3
3.853552E-3
4.069025E-3
3.938975E-3
3.753494E-3
3.891141E-3
3.856915E-3
3.864944E-3
3.825107E-3
3.966324E-3
4.042228E-3
3.947310E-3
4.000067E-3
4.151529E-3
3.843895E-3
3.830948E-3
4.690796E-3
4.472781E-3
4.489134E-3
4.341463E-3
4.354551E-3
4.432650E-3
4.723462E-3
4.562583E-3
4.592929E-3
4.542885E-3
4.768670E-3
4.733326E-3
4.662945E-3
4.653384E-3
4.782948E-3
4.809709E-3
4.745116E-3
4.868083E-3
5.187079E-3
5.112320E-3
5.013257E-3
5.150273E-3
5.351758E-3
5.256219E-3
5.333323E-3
5.416159E-3
5.687486E-3
5.393069E-3
5.548768E-3
5.784510E-3
5.517662E-3
5.789786E-3
5.980445E-3
5.878003E-3
6.215010E-3
6.185986E-3
6.006425E-3
6.100312E-3
6.448375E-3
6.181376E-3
6.812817E-3
6.878709E-3
7.065351E-3
7.089341E-3
7.111436E-3
7.197540E-3
7.185386E-3
7.546554E-3
7.720942E-3
7.626054E-3
7.955837E-3
8.159450E-3
8.355068E-3
8.693709E-3
8.686015E-3
8.945337E-3
9.183630E-3
9.425832E-3
9.724526E-3
1.004227E-2
1.023641E-2
1.074474E-2
1.097261E-2
1.134286E-2
1.173675E-2
1.218210E-2
1.251402E-2
1.315622E-2
1.373292E-2
1.402369E-2
1.493426E-2
1.520279E-2
1.620935E-2
1.692764E-2
1.812836E-2
1.897328E-2
2.022707E-2
2.174729E-2
2.331735E-2
2.509959E-2
2.753591E-2
2.998956E-2
3.358117E-2
3.755888E-2
4.291420E-2
5.056327E-2
6.054520E-2
7.602227E-2
1.066160E-1
1.488110E-1
3.831496E-1
1.361228E+0
2.564947E-1
1.227992E-1
8.997964E-2
6.747222E-2
5.400502E-2
4.555334E-2
3.906357E-2
3.377276E-2
3.058335E-2
2.715933E-2
2.499676E-2
2.265162E-2
2.076729E-2
1.934262E-2
1.813891E-2
1.692363E-2
1.576166E-2
1.497613E-2
1.420073E-2
1.339552E-2
1.284578E-2
1.217221E-2
1.156770E-2
1.108561E-2
1.050238E-2
1.001235E-2
9.818688E-3
9.381020E-3
9.112855E-3
8.779042E-3
8.410732E-3
8.295320E-3
8.002934E-3
7.619803E-3
7.373113E-3
7.074461E-3
6.965156E-3
6.481736E-3
6.573538E-3
6.321813E-3
6.175820E-3
5.941203E-3
5.703908E-3
5.795159E-3
5.498726E-3
5.598660E-3
5.427027E-3
5.083316E-3
5.127049E-3
5.113353E-3
5.010505E-3
4.851911E-3
4.602169E-3
4.797232E-3
4.465981E-3
4.407415E-3
4.274490E-3
4.256724E-3
4.049383E-3
4.172121E-3
3.926063E-3
4.155094E-3
3.830135E-3
3.794138E-3
3.693145E-3
3.531708E-3
3.453352E-3
3.471401E-3
3.411629E-3
3.417429E-3
3.268642E-3
3.375777E-3
3.209566E-3
2.947735E-3
3.037003E-3
2.922903E-3
2.923359E-3
3.015318E-3
2.778513E-3
3.003023E-3
2.833538E-3
2.675166E-3
2.864810E-3
2.740518E-3
3.368642E-3
2.414075E-3
2.505600E-3
2.593467E-3
2.381541E-3
2.492730E-3
2.400647E-3
2.391506E-3
2.408884E-3
2.124274E-3
2.286335E-3
2.340842E-3
2.115203E-3
2.336184E-3
2.233765E-3
2.165514E-3
2.145115E-3
1.758696E-3
2.213554E-3
2.071458E-3
2.024601E-3
2.037143E-3
2.119539E-3
1.876697E-3
2.003358E-3
1.882513E-3
1.936968E-3
1.710916E-3
1.922267E-3
1.839791E-3
1.683594E-3
1.948253E-3
1.696242E-3
1.764633E-3
1.860975E-3
1.791723E-3
1.796681E-3
1.603196E-3
1.644477E-3
1.703343E-3
1.721573E-3
1.752641E-3
1.553982E-3
1.641141E-3
1.488408E-3
1.680638E-3
1.553846E-3
1.666310E-3
1.468662E-3
1.672761E-3
1.554764E-3
1.440911E-3
1.394401E-3
1.221453E-3
1.268623E-3
1.434122E-3
1.187337E-3
1.528309E-3
1.280138E-3
1.318037E-3
1.438962E-3
1.068400E-3
1.489567E-3
1.451300E-3
1.208610E-3
1.201367E-3
1.236853E-3
1.383707E-3
1.085678E-3
1.059573E-3
1.315578E-3
1.231982E-3
1.106705E-3
1.038191E-3
1.237585E-3
1.241409E-3
1.269315E-3
1.236001E-3
1.249283E-3
1.369763E-3
1.229410E-3
1.058320E-3
1.288323E-3
1.343790E-3
1.102083E-3
9.842976E-4
9.321234E-4
9.826818E-4
1.375362E-3
1.112608E-3
1.257513E-3
1.381191E-3
1.130752E-3
1.201154E-3
1.186522E-3
1.264983E-3
1.265597E-3
1.268378E-3
1.470611E-3
1.480003E-3
1.859454E-3
2.115098E-3
4.737218E-3
4.205419E-3
1.158584E-3
6.838506E-4
5.196345E-4
6.050040E-4
6.161545E-4
6.146488E-4
8.761579E-4
7.608989E-4
7.903674E-4
7.021295E-4
7.157389E-4
6.257135E-4
7.485858E-4
9.761308E-4
7.489555E-4
5.581217E-4
9.920423E-4
7.355064E-4
7.821018E-4
7.480637E-4
6.986316E-4
6.351423E-4
6.638632E-4
8.391945E-4
