VirtualBench-DSA 2.5 Waveform File
X0: 0.000000E+0	Delta-X: Inf
1.342773E-2
3.100622E-3
2.915834E-3
2.782150E-3
2.682482E-3
2.891434E-3
2.912669E-3
2.660065E-3
2.686624E-3
2.783787E-3
2.781607E-3
2.610541E-3
2.703500E-3
2.662960E-3
2.734232E-3
2.671373E-3
2.671772E-3
2.822150E-3
2.598482E-3
2.636647E-3
2.667347E-3
2.649702E-3
2.467566E-3
2.552033E-3
2.537443E-3
2.532782E-3
2.580408E-3
2.564752E-3
2.569398E-3
2.618870E-3
2.449259E-3
2.413548E-3
2.373268E-3
2.435365E-3
2.421669E-3
2.377743E-3
2.291116E-3
2.321017E-3
2.224400E-3
2.352878E-3
2.278377E-3
2.253971E-3
2.314992E-3
2.167714E-3
2.153885E-3
2.026127E-3
2.060773E-3
2.025264E-3
2.084703E-3
2.055407E-3
1.963627E-3
1.974955E-3
1.950976E-3
1.854823E-3
1.889555E-3
1.933990E-3
1.828136E-3
1.682829E-3
1.745039E-3
1.647341E-3
1.693174E-3
1.706728E-3
1.715801E-3
1.609952E-3
1.581337E-3
1.639708E-3
1.677278E-3
1.680549E-3
1.616560E-3
1.553632E-3
1.585377E-3
1.560185E-3
1.487515E-3
1.408952E-3
1.419497E-3
1.440954E-3
1.326417E-3
1.322037E-3
1.340805E-3
1.304568E-3
1.207739E-3
1.258265E-3
1.124509E-3
1.149820E-3
1.256578E-3
1.002442E-3
1.066715E-3
1.131051E-3
1.131147E-3
9.947932E-4
9.331740E-4
1.081525E-3
9.423595E-4
1.012267E-3
9.286438E-4
8.211876E-4
8.458160E-4
7.610835E-4
7.035762E-4
6.719341E-4
7.709694E-4
6.989583E-4
7.380955E-4
7.170739E-4
5.340999E-4
5.827792E-4
5.673091E-4
5.678830E-4
5.281671E-4
6.001298E-4
5.386285E-4
4.387980E-4
3.781698E-4
4.701594E-4
4.017408E-4
3.193463E-4
3.660417E-4
4.504960E-4
3.448015E-4
3.249245E-4
3.557992E-4
2.878426E-4
3.626655E-4
4.557443E-4
2.900144E-4
4.251858E-4
3.271882E-4
2.931308E-4
3.183050E-4
2.711428E-4
3.506148E-4
2.123235E-4
2.557731E-4
2.612624E-4
2.177747E-4
3.563615E-4
2.450009E-4
2.629018E-4
2.032022E-4
2.522822E-4
2.784519E-4
2.553063E-4
3.705104E-4
2.469737E-4
2.284032E-4
1.325731E-4
2.864493E-4
2.505268E-4
1.456203E-4
2.917600E-4
2.405233E-4
1.333828E-4
1.928118E-4
2.589517E-4
4.173201E-4
3.709945E-4
3.758566E-4
1.676586E-4
3.858069E-4
3.419004E-4
3.406473E-4
4.264648E-4
3.054308E-4
3.341871E-4
2.557070E-4
2.269154E-4
4.200315E-4
2.521619E-4
3.295504E-4
3.635068E-4
4.369269E-4
4.123541E-4
2.467244E-4
1.892183E-4
2.280202E-4
3.653204E-4
1.925681E-4
2.013481E-4
1.835304E-4
7.271105E-5
2.039202E-4
2.744751E-4
1.844648E-4
2.944408E-4
2.229528E-4
1.344184E-4
1.336601E-4
1.252889E-4
1.319207E-4
2.158608E-4
3.083038E-4
2.903842E-4
2.835205E-4
3.185550E-4
2.582665E-4
3.527844E-4
3.119710E-5
3.560424E-4
1.588622E-4
3.591142E-4
5.472528E-4
4.479951E-5
3.364787E-5
2.484961E-4
6.361734E-4
3.232626E-4
2.026524E-4
1.310944E-4
1.281736E-4
3.600480E-4
1.742613E-4
1.760611E-4
1.882592E-4
2.721901E-4
1.568098E-4
3.055193E-4
2.308227E-4
2.843059E-4
2.412198E-4
2.825924E-4
4.195247E-4
1.982216E-4
1.151366E-4
2.495810E-4
1.893207E-4
1.181952E-4
2.041230E-4
2.553796E-4
1.476978E-4
1.410328E-4
9.914578E-5
8.782135E-5
2.126950E-4
1.817152E-4
2.720207E-4
1.413016E-4
1.384061E-4
1.687411E-4
2.493618E-4
3.177768E-4
3.175901E-4
2.621071E-4
1.681601E-4
3.495117E-4
2.716097E-4
1.107844E-4
1.863602E-4
2.096127E-4
2.129884E-4
1.844570E-4
1.518235E-4
1.901611E-4
6.511238E-5
1.671502E-4
3.176021E-4
1.882222E-4
2.594275E-4
2.385247E-4
1.110072E-4
1.346884E-4
2.195093E-4
1.626607E-4
1.455796E-4
2.468483E-4
1.428966E-4
6.748031E-5
2.116799E-4
2.299026E-4
2.036678E-4
1.439623E-4
1.116621E-4
7.272787E-5
1.437932E-4
2.348946E-4
1.694330E-4
1.084529E-4
6.843997E-5
2.277617E-4
8.037149E-5
1.890065E-4
2.169397E-4
1.322117E-4
2.002262E-4
1.884128E-4
2.880182E-4
1.953896E-4
1.893404E-4
2.409514E-4
9.982940E-5
1.403511E-4
1.328907E-4
2.308336E-4
1.681643E-5
8.231818E-5
6.502102E-5
1.033469E-4
7.410610E-5
6.408124E-5
1.054715E-4
2.452196E-4
1.687030E-4
2.045190E-4
6.830880E-5
6.546182E-5
8.081714E-5
5.598016E-5
1.333510E-4
2.352965E-4
1.110383E-4
1.004878E-4
5.906829E-5
7.710380E-5
1.083571E-4
1.154523E-4
9.644698E-5
1.424882E-5
1.892026E-4
1.290666E-5
1.124633E-4
2.208721E-4
1.232902E-4
1.932710E-4
7.449280E-5
1.189812E-4
2.143572E-4
1.526132E-4
1.083371E-4
4.330145E-5
9.623844E-5
1.630097E-4
1.332870E-4
1.152297E-4
9.463258E-5
1.006596E-4
2.841094E-4
7.581883E-5
1.928971E-4
1.315445E-4
1.836712E-4
9.137754E-5
8.056688E-5
1.089465E-4
3.745262E-5
1.461721E-4
1.204103E-4
9.495896E-6
9.374080E-5
1.112783E-4
1.525638E-4
7.474195E-5
7.215290E-5
1.320919E-4
1.115097E-4
1.519036E-4
2.374976E-4
1.044254E-4
2.316238E-4
3.318169E-4
1.147159E-4
1.490378E-4
2.368812E-4
2.420419E-4
1.553450E-4
2.083244E-4
5.407986E-5
3.611399E-5
1.435968E-4
2.669077E-4
1.680575E-4
1.112933E-4
1.236441E-4
9.622609E-5
9.793080E-5
1.445829E-4
8.090015E-5
9.088543E-5
1.149929E-4
1.812793E-4
5.406498E-5
1.437951E-4
6.404601E-5
1.062690E-4
8.414267E-5
8.126262E-5
1.198734E-4
1.528533E-4
1.403537E-4
1.123737E-4
1.885342E-4
1.795530E-4
1.412906E-4
1.449168E-4
9.423014E-5
2.445634E-4
1.451545E-4
1.475212E-4
2.967582E-4
3.030708E-4
1.381908E-4
4.181069E-5
2.481935E-4
