VirtualBench-DSA 2.5 Waveform File
X0: 0.000000E+0	Delta-X: Inf
1.907349E-5
4.938689E-3
4.606008E-3
4.452197E-3
4.409345E-3
4.320081E-3
4.448362E-3
4.337180E-3
4.493923E-3
4.276497E-3
4.381402E-3
4.314154E-3
4.322256E-3
4.207842E-3
4.065517E-3
4.161954E-3
3.990472E-3
3.952561E-3
4.009860E-3
3.695756E-3
3.792881E-3
3.787673E-3
3.769511E-3
3.562513E-3
3.456705E-3
3.388145E-3
3.343832E-3
3.321742E-3
3.007655E-3
3.164910E-3
2.998542E-3
3.300584E-3
2.966670E-3
2.744273E-3
3.012675E-3
2.792886E-3
2.934312E-3
2.645024E-3
2.656873E-3
2.557608E-3
2.600832E-3
2.476264E-3
2.523927E-3
2.621732E-3
2.302986E-3
2.326892E-3
2.246259E-3
2.232188E-3
2.346478E-3
2.304276E-3
2.081900E-3
1.879061E-3
1.965309E-3
2.191781E-3
1.916754E-3
1.865394E-3
1.570102E-3
1.558772E-3
1.408363E-3
1.808698E-3
1.476485E-3
1.676340E-3
1.464918E-3
1.283442E-3
1.384604E-3
1.457797E-3
1.236728E-3
1.288040E-3
1.590094E-3
9.641609E-4
1.197234E-3
1.033155E-3
1.096042E-3
9.185859E-4
8.382563E-4
7.588248E-4
8.130329E-4
6.429785E-4
8.631933E-4
7.611004E-4
6.052686E-4
7.720083E-4
4.627998E-4
5.854109E-4
6.168136E-4
4.892361E-4
4.636207E-4
3.690110E-4
4.210680E-4
3.567974E-4
2.713228E-4
3.276758E-4
2.632440E-4
2.841822E-4
1.224928E-4
2.449383E-4
1.063786E-4
2.362450E-4
4.286025E-5
5.120494E-5
8.548368E-5
4.172464E-5
3.229981E-4
2.260577E-4
1.986737E-4
1.433497E-4
1.614055E-4
2.891038E-4
2.119554E-4
1.024298E-4
2.567227E-4
2.437012E-4
2.809852E-4
1.171409E-4
4.193385E-4
2.786058E-4
1.020940E-4
2.933518E-4
2.115433E-4
3.503123E-4
5.010869E-4
5.589060E-4
2.630182E-4
3.952699E-4
5.070002E-4
3.014153E-4
3.060021E-4
3.325985E-4
5.306842E-4
3.576860E-4
3.190103E-4
1.485596E-4
4.806648E-4
4.293521E-4
1.864597E-4
3.972509E-4
2.673527E-4
4.110626E-4
4.737258E-4
5.193671E-4
1.552476E-4
2.697529E-4
4.850232E-4
3.684283E-4
3.740934E-4
4.441529E-4
4.631285E-4
5.073491E-4
3.984989E-4
4.490386E-4
4.250521E-4
5.281109E-4
3.065650E-4
3.449557E-4
1.005986E-4
3.225305E-4
4.045032E-4
2.749536E-4
2.581254E-4
3.631987E-4
3.475305E-4
5.405418E-4
9.006954E-5
4.081089E-4
5.185416E-4
4.784346E-4
1.742911E-4
4.409625E-4
1.760082E-4
1.996523E-4
1.714437E-4
1.150846E-4
3.031891E-4
3.057629E-4
3.417353E-4
1.371374E-4
4.769524E-4
1.482195E-4
2.177825E-4
2.983100E-4
3.653645E-5
8.949126E-5
8.040289E-5
8.364273E-5
2.562284E-4
2.131469E-4
5.490098E-4
8.235728E-5
2.120049E-4
3.289319E-4
8.626090E-5
3.477851E-4
5.544137E-5
3.139083E-4
1.153852E-4
7.503604E-5
2.676261E-4
2.734525E-4
1.383847E-4
1.772096E-4
1.048498E-4
2.883830E-4
2.149816E-4
1.897553E-4
2.188517E-4
2.009384E-4
6.037064E-5
3.845926E-4
3.808054E-4
2.656746E-4
6.962176E-5
4.839229E-4
3.371510E-4
3.152378E-4
3.727022E-4
2.701416E-4
4.083459E-4
4.432661E-4
2.040945E-4
4.542405E-4
3.722551E-4
5.630137E-4
1.038591E-4
1.483784E-4
9.439775E-5
2.500542E-4
9.146289E-5
2.840040E-4
8.871328E-5
1.448125E-4
7.011914E-5
2.572507E-4
1.395064E-4
1.683517E-4
5.785559E-5
1.301904E-4
1.125932E-4
2.917120E-4
1.183891E-4
2.646854E-4
9.893741E-5
1.343677E-4
1.979580E-4
2.756979E-4
7.359320E-5
2.492438E-4
8.735505E-5
2.424095E-4
2.432354E-4
2.179098E-4
1.547605E-4
1.738554E-4
1.874020E-4
3.239778E-5
2.962947E-4
2.813535E-4
2.106735E-4
3.396605E-4
3.394126E-4
1.290310E-4
1.878097E-4
1.344211E-4
2.096082E-4
1.458789E-4
9.715086E-5
1.858599E-4
2.376122E-4
1.554326E-4
2.174421E-4
1.937139E-4
1.439286E-4
1.171775E-4
9.851484E-5
8.592383E-5
5.336737E-5
2.469508E-4
8.433897E-5
5.247720E-5
1.469423E-4
3.116433E-4
6.132132E-5
9.013345E-5
4.574703E-5
1.884040E-4
1.607109E-4
3.040466E-4
1.492727E-4
2.009484E-4
9.681145E-5
2.205207E-5
1.165282E-4
1.064754E-4
1.495086E-4
2.507985E-5
2.386156E-4
9.373102E-5
1.007140E-4
1.089115E-4
2.214100E-4
1.056971E-4
3.710859E-4
2.527507E-4
9.500467E-5
3.971646E-4
8.907675E-5
7.605278E-5
1.490189E-5
3.386602E-4
1.295599E-4
5.619314E-5
1.947559E-4
1.766854E-4
9.201110E-5
1.045726E-4
1.585989E-4
6.969551E-5
1.252192E-4
1.861394E-4
7.781601E-5
1.516759E-4
1.727627E-4
7.042125E-5
1.972475E-4
7.029123E-5
1.345448E-4
1.707617E-4
9.151194E-5
8.197320E-5
3.010306E-4
1.800899E-4
2.710025E-4
9.026771E-5
1.687818E-4
2.209419E-4
1.797649E-5
1.483511E-4
3.148408E-4
1.816354E-4
1.149149E-4
1.116078E-4
1.169696E-4
4.021690E-5
3.036660E-4
1.664690E-4
1.081477E-4
1.779880E-4
3.359330E-4
8.077802E-5
1.793393E-4
1.734635E-4
2.733371E-4
2.209924E-4
3.219444E-4
1.869949E-4
5.629951E-5
2.042277E-4
1.473655E-4
1.610645E-4
3.332145E-4
4.862663E-4
2.728894E-4
3.364584E-4
3.980398E-4
3.194558E-4
2.867950E-4
2.509992E-4
3.035445E-4
8.090014E-5
2.286206E-4
5.117086E-4
1.370596E-4
2.044104E-4
2.688728E-4
2.746173E-4
3.767009E-4
1.415825E-4
4.110393E-4
1.249258E-4
2.009212E-4
4.148111E-4
9.825125E-5
1.824422E-4
1.634043E-4
9.063561E-5
2.350555E-4
2.028505E-4
4.296421E-4
1.433544E-4
2.512498E-4
4.179210E-4
1.663517E-4
8.949611E-5
5.551032E-5
1.077868E-4
2.913182E-4
1.698269E-4
2.733008E-4
9.720673E-5
2.983475E-4
3.264613E-4
2.312315E-4
