VirtualBench-DSA 2.5 Waveform File
X0: 0.000000E+0	Delta-X: 1.953000E-4
6.835937E-2
8.300781E-2
9.765625E-2
1.123047E-1
1.220703E-1
1.367187E-1
1.416016E-1
1.562500E-1
1.464844E-1
1.318359E-1
1.074219E-1
6.835937E-2
4.882812E-2
3.417969E-2
2.441406E-2
2.441406E-2
1.464844E-2
1.464844E-2
9.765625E-3
9.765625E-3
9.765625E-3
4.882812E-3
9.765625E-3
4.882812E-3
4.882812E-3
4.882812E-3
4.882812E-3
0.000000E+0
0.000000E+0
0.000000E+0
0.000000E+0
0.000000E+0
0.000000E+0
0.000000E+0
0.000000E+0
0.000000E+0
0.000000E+0
-4.882812E-3
0.000000E+0
-4.882812E-3
0.000000E+0
0.000000E+0
-4.882812E-3
0.000000E+0
0.000000E+0
0.000000E+0
0.000000E+0
-4.882812E-3
0.000000E+0
-4.882812E-3
0.000000E+0
0.000000E+0
0.000000E+0
0.000000E+0
0.000000E+0
0.000000E+0
0.000000E+0
0.000000E+0
-4.882812E-3
0.000000E+0
-4.882812E-3
0.000000E+0
0.000000E+0
-4.882812E-3
0.000000E+0
0.000000E+0
0.000000E+0
0.000000E+0
0.000000E+0
0.000000E+0
0.000000E+0
0.000000E+0
0.000000E+0
0.000000E+0
-4.882812E-3
0.000000E+0
0.000000E+0
0.000000E+0
0.000000E+0
-4.882812E-3
0.000000E+0
0.000000E+0
0.000000E+0
0.000000E+0
0.000000E+0
0.000000E+0
-4.882812E-3
0.000000E+0
0.000000E+0
0.000000E+0
0.000000E+0
0.000000E+0
0.000000E+0
0.000000E+0
0.000000E+0
0.000000E+0
0.000000E+0
0.000000E+0
0.000000E+0
0.000000E+0
0.000000E+0
0.000000E+0
0.000000E+0
0.000000E+0
0.000000E+0
-4.882812E-3
0.000000E+0
0.000000E+0
0.000000E+0
0.000000E+0
-4.882812E-3
0.000000E+0
0.000000E+0
0.000000E+0
0.000000E+0
-4.882812E-3
0.000000E+0
-4.882812E-3
0.000000E+0
0.000000E+0
-4.882812E-3
0.000000E+0
0.000000E+0
0.000000E+0
0.000000E+0
-4.882812E-3
0.000000E+0
-4.882812E-3
0.000000E+0
0.000000E+0
0.000000E+0
0.000000E+0
0.000000E+0
-4.882812E-3
0.000000E+0
0.000000E+0
0.000000E+0
0.000000E+0
0.000000E+0
0.000000E+0
0.000000E+0
0.000000E+0
-4.882812E-3
0.000000E+0
0.000000E+0
0.000000E+0
0.000000E+0
-4.882812E-3
-4.882812E-3
0.000000E+0
0.000000E+0
0.000000E+0
0.000000E+0
-4.882812E-3
0.000000E+0
0.000000E+0
0.000000E+0
0.000000E+0
0.000000E+0
0.000000E+0
0.000000E+0
0.000000E+0
0.000000E+0
0.000000E+0
0.000000E+0
-4.882812E-3
-4.882812E-3
-4.882812E-3
0.000000E+0
0.000000E+0
0.000000E+0
-4.882812E-3
0.000000E+0
0.000000E+0
0.000000E+0
0.000000E+0
-4.882812E-3
0.000000E+0
0.000000E+0
0.000000E+0
0.000000E+0
-4.882812E-3
0.000000E+0
-4.882812E-3
0.000000E+0
-4.882812E-3
-4.882812E-3
0.000000E+0
-4.882812E-3
0.000000E+0
0.000000E+0
-4.882812E-3
0.000000E+0
0.000000E+0
0.000000E+0
0.000000E+0
-4.882812E-3
0.000000E+0
0.000000E+0
0.000000E+0
0.000000E+0
0.000000E+0
0.000000E+0
0.000000E+0
0.000000E+0
-4.882812E-3
-4.882812E-3
0.000000E+0
0.000000E+0
0.000000E+0
0.000000E+0
0.000000E+0
0.000000E+0
-4.882812E-3
0.000000E+0
-4.882812E-3
0.000000E+0
0.000000E+0
-4.882812E-3
0.000000E+0
-4.882812E-3
0.000000E+0
-4.882812E-3
0.000000E+0
0.000000E+0
-4.882812E-3
0.000000E+0
-4.882812E-3
0.000000E+0
-4.882812E-3
-4.882812E-3
0.000000E+0
0.000000E+0
0.000000E+0
0.000000E+0
-4.882812E-3
-4.882812E-3
0.000000E+0
0.000000E+0
0.000000E+0
0.000000E+0
0.000000E+0
-4.882812E-3
0.000000E+0
-4.882812E-3
0.000000E+0
0.000000E+0
0.000000E+0
0.000000E+0
-4.882812E-3
0.000000E+0
0.000000E+0
0.000000E+0
-4.882812E-3
-4.882812E-3
-4.882812E-3
0.000000E+0
0.000000E+0
0.000000E+0
0.000000E+0
-4.882812E-3
0.000000E+0
0.000000E+0
-4.882812E-3
0.000000E+0
-4.882812E-3
0.000000E+0
0.000000E+0
-4.882812E-3
0.000000E+0
-4.882812E-3
0.000000E+0
0.000000E+0
-4.882812E-3
0.000000E+0
0.000000E+0
0.000000E+0
0.000000E+0
0.000000E+0
0.000000E+0
0.000000E+0
0.000000E+0
-4.882812E-3
0.000000E+0
-4.882812E-3
-4.882812E-3
0.000000E+0
-4.882812E-3
0.000000E+0
-4.882812E-3
0.000000E+0
0.000000E+0
-4.882812E-3
0.000000E+0
0.000000E+0
0.000000E+0
0.000000E+0
0.000000E+0
0.000000E+0
-4.882812E-3
0.000000E+0
-4.882812E-3
0.000000E+0
-4.882812E-3
0.000000E+0
0.000000E+0
0.000000E+0
0.000000E+0
-4.882812E-3
-4.882812E-3
0.000000E+0
-4.882812E-3
0.000000E+0
-4.882812E-3
0.000000E+0
0.000000E+0
-4.882812E-3
0.000000E+0
-4.882812E-3
0.000000E+0
0.000000E+0
0.000000E+0
0.000000E+0
-4.882812E-3
0.000000E+0
-4.882812E-3
0.000000E+0
0.000000E+0
-4.882812E-3
-4.882812E-3
-4.882812E-3
0.000000E+0
0.000000E+0
0.000000E+0
0.000000E+0
-4.882812E-3
-4.882812E-3
-4.882812E-3
0.000000E+0
0.000000E+0
0.000000E+0
0.000000E+0
0.000000E+0
0.000000E+0
-4.882812E-3
0.000000E+0
-4.882812E-3
0.000000E+0
-4.882812E-3
-4.882812E-3
0.000000E+0
0.000000E+0
0.000000E+0
-4.882812E-3
-4.882812E-3
-4.882812E-3
0.000000E+0
0.000000E+0
0.000000E+0
0.000000E+0
-4.882812E-3
-4.882812E-3
0.000000E+0
-4.882812E-3
0.000000E+0
-4.882812E-3
-4.882812E-3
0.000000E+0
-4.882812E-3
0.000000E+0
0.000000E+0
0.000000E+0
0.000000E+0
0.000000E+0
-4.882812E-3
0.000000E+0
0.000000E+0
-4.882812E-3
0.000000E+0
-4.882812E-3
-4.882812E-3
0.000000E+0
-4.882812E-3
0.000000E+0
-4.882812E-3
0.000000E+0
0.000000E+0
-4.882812E-3
0.000000E+0
0.000000E+0
-4.882812E-3
0.000000E+0
0.000000E+0
-4.882812E-3
-4.882812E-3
0.000000E+0
-4.882812E-3
0.000000E+0
0.000000E+0
0.000000E+0
0.000000E+0
-4.882812E-3
0.000000E+0
0.000000E+0
-4.882812E-3
0.000000E+0
-4.882812E-3
-4.882812E-3
0.000000E+0
0.000000E+0
0.000000E+0
-4.882812E-3
0.000000E+0
0.000000E+0
0.000000E+0
0.000000E+0
0.000000E+0
-4.882812E-3
0.000000E+0
0.000000E+0
0.000000E+0
0.000000E+0
-4.882812E-3
0.000000E+0
0.000000E+0
-4.882812E-3
0.000000E+0
-4.882812E-3
0.000000E+0
-4.882812E-3
0.000000E+0
-4.882812E-3
0.000000E+0
0.000000E+0
-4.882812E-3
0.000000E+0
0.000000E+0
0.000000E+0
0.000000E+0
-4.882812E-3
0.000000E+0
0.000000E+0
0.000000E+0
-4.882812E-3
-4.882812E-3
-4.882812E-3
-4.882812E-3
0.000000E+0
-4.882812E-3
0.000000E+0
-4.882812E-3
0.000000E+0
-4.882812E-3
-4.882812E-3
-4.882812E-3
-4.882812E-3
0.000000E+0
0.000000E+0
0.000000E+0
-4.882812E-3
0.000000E+0
0.000000E+0
-4.882812E-3
0.000000E+0
-4.882812E-3
0.000000E+0
0.000000E+0
-4.882812E-3
0.000000E+0
-4.882812E-3
0.000000E+0
-4.882812E-3
0.000000E+0
-4.882812E-3
0.000000E+0
0.000000E+0
-4.882812E-3
0.000000E+0
0.000000E+0
-4.882812E-3
0.000000E+0
-4.882812E-3
-4.882812E-3
-4.882812E-3
0.000000E+0
-4.882812E-3
0.000000E+0
0.000000E+0
0.000000E+0
0.000000E+0
-4.882812E-3
0.000000E+0
0.000000E+0
0.000000E+0
-4.882812E-3
0.000000E+0
-4.882812E-3
0.000000E+0
0.000000E+0
-4.882812E-3
0.000000E+0
0.000000E+0
0.000000E+0
0.000000E+0
0.000000E+0
-4.882812E-3
0.000000E+0
0.000000E+0
-4.882812E-3
0.000000E+0
0.000000E+0
0.000000E+0
0.000000E+0
-4.882812E-3
0.000000E+0
0.000000E+0
0.000000E+0
-4.882812E-3
0.000000E+0
-4.882812E-3
0.000000E+0
0.000000E+0
-4.882812E-3
0.000000E+0
0.000000E+0
0.000000E+0
-4.882812E-3
-4.882812E-3
0.000000E+0
0.000000E+0
0.000000E+0
0.000000E+0
0.000000E+0
-4.882812E-3
-4.882812E-3
0.000000E+0
-4.882812E-3
0.000000E+0
-4.882812E-3
-4.882812E-3
0.000000E+0
-4.882812E-3
0.000000E+0
0.000000E+0
0.000000E+0
0.000000E+0
0.000000E+0
-4.882812E-3
0.000000E+0
0.000000E+0
-4.882812E-3
0.000000E+0
-4.882812E-3
0.000000E+0
0.000000E+0
-4.882812E-3
-4.882812E-3
-4.882812E-3
0.000000E+0
-4.882812E-3
0.000000E+0
0.000000E+0
0.000000E+0
0.000000E+0
-4.882812E-3
0.000000E+0
0.000000E+0
0.000000E+0
-4.882812E-3
0.000000E+0
-4.882812E-3
0.000000E+0
0.000000E+0
-4.882812E-3
0.000000E+0
0.000000E+0
0.000000E+0
0.000000E+0
0.000000E+0
0.000000E+0
0.000000E+0
0.000000E+0
-4.882812E-3
0.000000E+0
-4.882812E-3
0.000000E+0
0.000000E+0
-4.882812E-3
-4.882812E-3
-4.882812E-3
0.000000E+0
0.000000E+0
0.000000E+0
-4.882812E-3
-4.882812E-3
0.000000E+0
-4.882812E-3
0.000000E+0
-4.882812E-3
-4.882812E-3
0.000000E+0
-4.882812E-3
0.000000E+0
0.000000E+0
0.000000E+0
-4.882812E-3
0.000000E+0
0.000000E+0
0.000000E+0
0.000000E+0
-4.882812E-3
0.000000E+0
0.000000E+0
0.000000E+0
0.000000E+0
-4.882812E-3
-4.882812E-3
-4.882812E-3
0.000000E+0
-4.882812E-3
-4.882812E-3
-4.882812E-3
0.000000E+0
0.000000E+0
0.000000E+0
-4.882812E-3
-4.882812E-3
0.000000E+0
0.000000E+0
-4.882812E-3
0.000000E+0
0.000000E+0
0.000000E+0
0.000000E+0
-4.882812E-3
0.000000E+0
-4.882812E-3
0.000000E+0
0.000000E+0
0.000000E+0
0.000000E+0
0.000000E+0
0.000000E+0
-4.882812E-3
0.000000E+0
-4.882812E-3
0.000000E+0
0.000000E+0
-4.882812E-3
0.000000E+0
0.000000E+0
0.000000E+0
0.000000E+0
-4.882812E-3
0.000000E+0
-4.882812E-3
0.000000E+0
-4.882812E-3
-4.882812E-3
0.000000E+0
-4.882812E-3
0.000000E+0
-4.882812E-3
-4.882812E-3
0.000000E+0
0.000000E+0
0.000000E+0
-4.882812E-3
0.000000E+0
0.000000E+0
0.000000E+0
0.000000E+0
0.000000E+0
-4.882812E-3
0.000000E+0
0.000000E+0
-4.882812E-3
0.000000E+0
0.000000E+0
0.000000E+0
0.000000E+0
-4.882812E-3
0.000000E+0
0.000000E+0
0.000000E+0
0.000000E+0
0.000000E+0
-4.882812E-3
0.000000E+0
0.000000E+0
-4.882812E-3
0.000000E+0
-4.882812E-3
0.000000E+0
0.000000E+0
-4.882812E-3
0.000000E+0
0.000000E+0
0.000000E+0
0.000000E+0
0.000000E+0
0.000000E+0
0.000000E+0
0.000000E+0
-4.882812E-3
0.000000E+0
-4.882812E-3
-4.882812E-3
0.000000E+0
-4.882812E-3
0.000000E+0
0.000000E+0
0.000000E+0
-4.882812E-3
0.000000E+0
-4.882812E-3
0.000000E+0
0.000000E+0
-4.882812E-3
0.000000E+0
-4.882812E-3
0.000000E+0
-4.882812E-3
0.000000E+0
-4.882812E-3
0.000000E+0
0.000000E+0
-4.882812E-3
0.000000E+0
0.000000E+0
0.000000E+0
0.000000E+0
-4.882812E-3
0.000000E+0
-4.882812E-3
0.000000E+0
-4.882812E-3
0.000000E+0
0.000000E+0
0.000000E+0
0.000000E+0
-4.882812E-3
-4.882812E-3
0.000000E+0
0.000000E+0
0.000000E+0
-4.882812E-3
0.000000E+0
-4.882812E-3
0.000000E+0
0.000000E+0
0.000000E+0
0.000000E+0
0.000000E+0
0.000000E+0
-9.765625E-3
0.000000E+0
-4.882812E-3
0.000000E+0
0.000000E+0
-4.882812E-3
0.000000E+0
0.000000E+0
0.000000E+0
0.000000E+0
-4.882812E-3
-4.882812E-3
0.000000E+0
0.000000E+0
-4.882812E-3
0.000000E+0
0.000000E+0
0.000000E+0
0.000000E+0
-4.882812E-3
0.000000E+0
-4.882812E-3
0.000000E+0
0.000000E+0
-4.882812E-3
-4.882812E-3
0.000000E+0
0.000000E+0
-4.882812E-3
0.000000E+0
-4.882812E-3
0.000000E+0
0.000000E+0
-4.882812E-3
0.000000E+0
-4.882812E-3
0.000000E+0
0.000000E+0
-4.882812E-3
0.000000E+0
0.000000E+0
0.000000E+0
0.000000E+0
0.000000E+0
-4.882812E-3
0.000000E+0
0.000000E+0
0.000000E+0
0.000000E+0
0.000000E+0
-4.882812E-3
0.000000E+0
-4.882812E-3
0.000000E+0
0.000000E+0
-4.882812E-3
0.000000E+0
-4.882812E-3
-4.882812E-3
-4.882812E-3
0.000000E+0
0.000000E+0
-4.882812E-3
0.000000E+0
0.000000E+0
0.000000E+0
0.000000E+0
0.000000E+0
-4.882812E-3
-4.882812E-3
0.000000E+0
-4.882812E-3
0.000000E+0
-4.882812E-3
0.000000E+0
0.000000E+0
-4.882812E-3
0.000000E+0
-4.882812E-3
0.000000E+0
0.000000E+0
-4.882812E-3
0.000000E+0
0.000000E+0
0.000000E+0
0.000000E+0
-4.882812E-3
0.000000E+0
-4.882812E-3
0.000000E+0
0.000000E+0
-4.882812E-3
0.000000E+0
0.000000E+0
0.000000E+0
-4.882812E-3
-4.882812E-3
0.000000E+0
-4.882812E-3
0.000000E+0
0.000000E+0
0.000000E+0
0.000000E+0
0.000000E+0
0.000000E+0
0.000000E+0
0.000000E+0
0.000000E+0
0.000000E+0
0.000000E+0
-4.882812E-3
0.000000E+0
-4.882812E-3
0.000000E+0
0.000000E+0
-4.882812E-3
-4.882812E-3
0.000000E+0
0.000000E+0
-4.882812E-3
0.000000E+0
-4.882812E-3
0.000000E+0
0.000000E+0
-4.882812E-3
0.000000E+0
-4.882812E-3
0.000000E+0
0.000000E+0
-4.882812E-3
0.000000E+0
-4.882812E-3
0.000000E+0
0.000000E+0
0.000000E+0
-4.882812E-3
0.000000E+0
0.000000E+0
0.000000E+0
0.000000E+0
-4.882812E-3
0.000000E+0
0.000000E+0
-4.882812E-3
0.000000E+0
0.000000E+0
0.000000E+0
-4.882812E-3
-4.882812E-3
-4.882812E-3
0.000000E+0
0.000000E+0
-4.882812E-3
0.000000E+0
0.000000E+0
0.000000E+0
0.000000E+0
-4.882812E-3
0.000000E+0
0.000000E+0
0.000000E+0
0.000000E+0
0.000000E+0
-4.882812E-3
-4.882812E-3
0.000000E+0
0.000000E+0
0.000000E+0
-4.882812E-3
0.000000E+0
0.000000E+0
-4.882812E-3
0.000000E+0
0.000000E+0
0.000000E+0
0.000000E+0
0.000000E+0
0.000000E+0
0.000000E+0
0.000000E+0
-4.882812E-3
0.000000E+0
-4.882812E-3
0.000000E+0
0.000000E+0
-4.882812E-3
0.000000E+0
0.000000E+0
0.000000E+0
0.000000E+0
-4.882812E-3
-4.882812E-3
-4.882812E-3
0.000000E+0
0.000000E+0
0.000000E+0
0.000000E+0
-4.882812E-3
0.000000E+0
-4.882812E-3
0.000000E+0
0.000000E+0
0.000000E+0
-4.882812E-3
-4.882812E-3
-4.882812E-3
0.000000E+0
0.000000E+0
-4.882812E-3
0.000000E+0
-4.882812E-3
0.000000E+0
0.000000E+0
-4.882812E-3
0.000000E+0
0.000000E+0
0.000000E+0
0.000000E+0
-4.882812E-3
0.000000E+0
0.000000E+0
0.000000E+0
0.000000E+0
-4.882812E-3
-4.882812E-3
-4.882812E-3
0.000000E+0
0.000000E+0
0.000000E+0
0.000000E+0
0.000000E+0
0.000000E+0
-4.882812E-3
0.000000E+0
-4.882812E-3
0.000000E+0
0.000000E+0
-4.882812E-3
0.000000E+0
-4.882812E-3
-4.882812E-3
0.000000E+0
-4.882812E-3
0.000000E+0
-4.882812E-3
0.000000E+0
0.000000E+0
-4.882812E-3
-4.882812E-3
0.000000E+0
0.000000E+0
0.000000E+0
-4.882812E-3
0.000000E+0
0.000000E+0
0.000000E+0
-4.882812E-3
0.000000E+0
0.000000E+0
0.000000E+0
0.000000E+0
0.000000E+0
0.000000E+0
-4.882812E-3
0.000000E+0
0.000000E+0
-4.882812E-3
0.000000E+0
-4.882812E-3
