VirtualBench-DSA 2.5 Waveform File
X0: 0.000000E+0	Delta-X: Inf
4.830837E-2
1.431798E-3
1.113164E-3
1.205289E-3
1.241111E-3
1.266471E-3
1.181161E-3
1.200965E-3
1.198014E-3
1.253236E-3
1.301753E-3
1.164611E-3
1.286493E-3
1.314269E-3
1.203376E-3
1.107401E-3
1.308031E-3
1.314072E-3
1.223900E-3
1.183398E-3
1.243566E-3
1.255665E-3
1.160073E-3
1.210284E-3
1.239063E-3
1.247443E-3
1.221007E-3
1.114044E-3
1.229858E-3
1.232858E-3
1.206829E-3
1.184517E-3
1.180746E-3
1.218600E-3
1.229393E-3
1.213593E-3
1.170120E-3
1.115557E-3
1.268105E-3
1.230272E-3
1.277190E-3
1.149912E-3
1.059285E-3
1.305295E-3
1.210133E-3
1.151568E-3
1.157704E-3
1.102819E-3
1.138661E-3
1.167371E-3
1.172289E-3
1.144769E-3
1.250632E-3
1.237426E-3
1.096038E-3
1.243291E-3
1.098161E-3
1.076775E-3
1.111782E-3
1.172777E-3
1.116456E-3
1.115239E-3
1.089174E-3
1.189935E-3
1.082873E-3
1.093101E-3
1.101651E-3
1.076930E-3
1.120122E-3
1.185496E-3
1.054742E-3
9.832903E-4
1.295152E-3
1.177412E-3
1.115090E-3
1.057683E-3
1.124928E-3
1.058251E-3
1.121366E-3
1.067942E-3
9.797482E-4
1.040085E-3
1.035996E-3
1.115403E-3
1.237254E-3
1.253646E-3
1.126186E-3
9.075702E-4
9.072362E-4
1.100774E-3
1.087036E-3
9.762785E-4
9.968158E-4
1.058250E-3
1.192464E-3
1.077318E-3
1.029357E-3
1.011321E-3
1.061961E-3
9.952837E-4
8.731208E-4
8.880948E-4
1.002039E-3
1.032750E-3
9.629993E-4
1.078484E-3
1.147048E-3
1.090240E-3
9.198756E-4
1.023142E-3
9.183023E-4
9.648307E-4
9.953298E-4
9.880387E-4
1.073919E-3
1.002872E-3
8.691248E-4
9.600569E-4
9.693086E-4
9.787625E-4
9.032459E-4
1.006676E-3
9.754499E-4
8.839504E-4
9.705436E-4
9.174935E-4
8.893108E-4
9.249437E-4
1.021926E-3
9.608260E-4
7.427258E-4
7.652817E-4
9.206329E-4
8.494352E-4
9.322561E-4
8.135637E-4
9.253280E-4
8.965973E-4
8.325643E-4
6.654555E-4
7.782406E-4
1.029530E-3
9.108266E-4
8.169288E-4
8.410762E-4
8.620726E-4
7.787966E-4
8.595598E-4
8.437137E-4
7.498701E-4
8.010212E-4
8.698924E-4
8.452540E-4
7.580716E-4
6.690099E-4
7.788544E-4
9.034128E-4
8.032103E-4
7.349035E-4
6.130818E-4
6.302988E-4
7.410287E-4
8.868369E-4
7.918325E-4
6.553413E-4
7.478840E-4
5.676896E-4
7.316324E-4
6.858178E-4
6.253904E-4
6.288564E-4
6.652805E-4
5.663482E-4
6.112244E-4
6.570622E-4
6.857108E-4
6.315792E-4
6.400872E-4
6.912429E-4
6.977648E-4
6.883171E-4
5.657111E-4
6.797548E-4
6.173631E-4
6.327125E-4
5.302319E-4
5.346763E-4
6.447680E-4
6.797829E-4
5.055890E-4
6.094976E-4
6.200114E-4
6.001099E-4
5.960655E-4
4.871655E-4
4.298193E-4
5.638223E-4
5.522010E-4
5.017786E-4
4.858759E-4
5.743638E-4
4.863384E-4
4.652682E-4
5.452398E-4
4.540946E-4
4.220475E-4
3.520298E-4
4.805754E-4
4.264588E-4
4.176613E-4
5.142911E-4
4.587282E-4
4.724593E-4
5.474669E-4
4.244172E-4
3.469754E-4
3.948864E-4
4.522686E-4
5.287568E-4
4.935137E-4
4.524791E-4
4.805899E-4
4.488612E-4
3.163636E-4
3.386716E-4
4.124414E-4
3.443160E-4
4.246645E-4
2.475436E-4
3.828729E-4
5.115527E-4
4.867935E-4
2.457603E-4
3.440717E-4
4.073329E-4
2.684571E-4
3.277134E-4
1.988837E-4
2.064927E-4
3.529461E-4
4.127700E-4
3.851104E-4
2.545444E-4
1.103330E-4
2.857967E-4
3.578160E-4
3.963971E-4
1.959461E-4
2.380038E-4
2.994764E-4
2.824918E-4
3.096136E-4
2.451870E-4
3.662701E-4
2.840870E-4
1.916325E-4
2.590766E-4
1.528043E-4
1.910377E-4
2.823460E-4
2.610024E-4
2.284529E-4
1.738087E-4
2.192042E-4
2.003671E-4
2.383387E-4
1.829371E-4
7.306592E-5
1.720433E-4
2.219758E-4
1.030278E-4
1.637163E-4
1.826690E-4
1.482315E-4
9.594226E-5
9.536371E-5
1.101219E-4
3.573292E-5
3.552339E-5
4.146817E-5
7.631054E-5
1.545979E-4
1.762842E-4
1.077232E-4
1.355679E-4
1.106738E-4
2.500434E-4
1.328389E-4
4.975404E-5
1.461235E-4
5.511417E-5
7.022831E-5
1.415797E-4
1.293656E-4
2.027517E-5
6.745121E-5
1.648148E-4
7.611575E-5
4.475798E-5
1.045755E-4
4.764344E-5
1.631260E-4
2.516061E-4
9.215330E-5
1.467698E-4
1.753747E-4
7.869638E-5
1.263503E-4
1.533728E-4
7.630900E-5
1.512100E-4
2.110212E-4
2.082225E-4
1.754879E-4
1.939488E-4
8.602219E-5
2.330432E-4
1.440459E-4
2.427018E-4
1.735852E-4
1.716628E-4
2.309089E-4
1.524483E-4
2.972132E-4
1.847242E-4
1.405189E-4
2.296739E-4
2.779205E-4
2.769449E-4
2.069361E-4
2.099806E-4
1.295817E-4
1.786086E-4
3.488322E-4
2.593025E-4
2.840877E-4
3.979787E-4
2.141483E-4
2.815193E-4
2.307521E-4
3.039463E-4
3.503727E-4
2.898758E-4
2.969264E-4
2.690507E-4
3.475470E-4
2.849300E-4
3.566720E-4
2.919291E-4
3.169506E-4
4.184148E-4
3.960280E-4
3.143563E-4
4.411417E-4
3.733613E-4
2.441948E-4
2.548338E-4
3.221678E-4
3.442703E-4
3.153611E-4
3.015086E-4
4.069385E-4
4.087288E-4
3.590660E-4
3.690082E-4
3.603922E-4
3.816317E-4
3.355213E-4
2.990974E-4
3.506364E-4
4.698019E-4
4.191183E-4
4.338451E-4
4.570525E-4
4.751767E-4
2.719276E-4
4.485630E-4
4.869316E-4
4.514725E-4
3.898809E-4
4.925831E-4
4.880629E-4
3.836680E-4
3.351997E-4
4.409069E-4
6.331515E-4
5.554240E-4
4.464804E-4
4.533615E-4
5.807692E-4
4.382795E-4
4.063058E-4
4.606047E-4
4.428245E-4
5.197303E-4
5.212871E-4
4.837360E-4
4.870813E-4
4.353201E-4
4.255597E-4
5.263719E-4
