VirtualBench-DSA 2.5 Waveform File
X0: 0.000000E+0	Delta-X: 1.953000E-4
6.835937E-2
2.929687E-1
3.662109E-1
2.441406E-1
1.611328E-1
9.277344E-2
5.371094E-2
2.929687E-2
1.855469E-1
3.417969E-2
7.324219E-2
5.859375E-2
5.859375E-2
5.371094E-2
4.882812E-2
2.929687E-2
2.441406E-2
2.929687E-2
6.835937E-2
5.859375E-2
5.859375E-2
3.417969E-2
3.417969E-2
2.929687E-2
2.929687E-2
2.441406E-2
4.394531E-2
4.394531E-2
2.441406E-2
3.417969E-2
2.929687E-2
2.929687E-2
2.929687E-2
2.441406E-2
2.441406E-2
2.441406E-2
2.929687E-2
2.929687E-2
2.929687E-2
2.929687E-2
2.929687E-2
2.929687E-2
2.929687E-2
2.929687E-2
2.929687E-2
2.929687E-2
2.929687E-2
2.441406E-2
2.929687E-2
2.441406E-2
3.417969E-2
5.371094E-2
8.300781E-2
1.318359E-1
2.001953E-1
1.660156E-1
1.074219E-1
7.324219E-2
9.277344E-2
4.394531E-2
3.906250E-2
3.906250E-2
4.882812E-2
5.859375E-2
5.859375E-2
4.394531E-2
3.906250E-2
3.417969E-2
3.417969E-2
3.417969E-2
2.929687E-2
3.417969E-2
2.929687E-2
2.929687E-2
3.417969E-2
3.417969E-2
3.906250E-2
3.417969E-2
3.906250E-2
4.394531E-2
4.882812E-2
5.371094E-2
5.859375E-2
8.300781E-2
9.765625E-2
8.300781E-2
3.906250E-2
3.417969E-2
3.417969E-2
3.417969E-2
2.929687E-2
2.929687E-2
2.929687E-2
2.441406E-2
2.441406E-2
2.441406E-2
2.441406E-2
2.441406E-2
2.441406E-2
2.441406E-2
2.441406E-2
2.441406E-2
2.441406E-2
2.441406E-2
2.441406E-2
2.441406E-2
2.441406E-2
1.953125E-2
2.441406E-2
2.441406E-2
2.441406E-2
2.441406E-2
2.441406E-2
1.953125E-2
2.441406E-2
2.441406E-2
2.441406E-2
2.441406E-2
2.441406E-2
2.441406E-2
2.441406E-2
2.441406E-2
2.441406E-2
2.441406E-2
2.441406E-2
2.441406E-2
2.441406E-2
1.953125E-2
2.441406E-2
2.441406E-2
1.953125E-2
2.441406E-2
2.441406E-2
2.441406E-2
1.953125E-2
2.441406E-2
1.953125E-2
2.441406E-2
2.441406E-2
1.953125E-2
2.441406E-2
2.441406E-2
2.441406E-2
2.441406E-2
1.953125E-2
2.441406E-2
1.953125E-2
2.441406E-2
1.953125E-2
2.441406E-2
2.441406E-2
2.441406E-2
2.441406E-2
1.953125E-2
2.441406E-2
2.441406E-2
2.441406E-2
1.953125E-2
2.441406E-2
2.441406E-2
2.441406E-2
2.441406E-2
2.441406E-2
2.441406E-2
2.441406E-2
2.441406E-2
2.441406E-2
2.441406E-2
2.441406E-2
2.441406E-2
2.441406E-2
2.441406E-2
2.929687E-2
2.929687E-2
2.929687E-2
2.441406E-2
2.929687E-2
2.929687E-2
3.417969E-2
3.417969E-2
2.929687E-2
3.417969E-2
3.906250E-2
3.906250E-2
3.906250E-2
4.394531E-2
4.394531E-2
4.882812E-2
4.882812E-2
5.371094E-2
5.859375E-2
5.859375E-2
5.371094E-2
4.882812E-2
4.394531E-2
3.906250E-2
3.906250E-2
3.906250E-2
3.417969E-2
3.906250E-2
3.417969E-2
3.906250E-2
3.906250E-2
3.417969E-2
3.417969E-2
3.417969E-2
3.906250E-2
3.417969E-2
3.906250E-2
3.906250E-2
3.906250E-2
3.906250E-2
3.906250E-2
3.906250E-2
3.906250E-2
4.394531E-2
3.906250E-2
3.906250E-2
3.906250E-2
3.906250E-2
3.906250E-2
3.906250E-2
3.906250E-2
3.906250E-2
3.906250E-2
3.906250E-2
3.906250E-2
3.906250E-2
3.906250E-2
3.906250E-2
3.906250E-2
3.906250E-2
3.906250E-2
3.906250E-2
3.906250E-2
3.906250E-2
3.906250E-2
3.906250E-2
4.394531E-2
3.906250E-2
3.906250E-2
3.906250E-2
3.906250E-2
3.906250E-2
3.906250E-2
3.906250E-2
3.906250E-2
4.394531E-2
3.906250E-2
3.906250E-2
3.906250E-2
3.906250E-2
3.906250E-2
3.906250E-2
3.906250E-2
3.906250E-2
4.394531E-2
3.906250E-2
3.906250E-2
3.906250E-2
3.906250E-2
3.906250E-2
3.906250E-2
3.906250E-2
3.906250E-2
4.394531E-2
3.906250E-2
3.906250E-2
3.906250E-2
3.906250E-2
3.906250E-2
3.906250E-2
3.906250E-2
3.906250E-2
3.906250E-2
3.906250E-2
3.906250E-2
3.906250E-2
3.906250E-2
3.906250E-2
3.906250E-2
3.906250E-2
3.906250E-2
3.906250E-2
3.906250E-2
3.906250E-2
3.906250E-2
3.906250E-2
3.906250E-2
3.906250E-2
3.906250E-2
3.906250E-2
3.906250E-2
3.906250E-2
3.906250E-2
3.906250E-2
3.906250E-2
3.906250E-2
3.906250E-2
3.906250E-2
3.906250E-2
3.906250E-2
3.906250E-2
3.906250E-2
3.906250E-2
3.906250E-2
3.906250E-2
3.906250E-2
3.906250E-2
3.906250E-2
3.906250E-2
3.906250E-2
3.906250E-2
3.906250E-2
3.906250E-2
4.394531E-2
3.906250E-2
3.906250E-2
3.906250E-2
3.906250E-2
3.906250E-2
3.906250E-2
3.906250E-2
3.906250E-2
3.906250E-2
3.906250E-2
3.906250E-2
3.906250E-2
3.906250E-2
3.906250E-2
3.906250E-2
3.906250E-2
3.906250E-2
3.906250E-2
3.906250E-2
3.906250E-2
3.906250E-2
3.906250E-2
3.906250E-2
3.906250E-2
3.906250E-2
3.906250E-2
3.906250E-2
3.906250E-2
3.906250E-2
3.906250E-2
3.906250E-2
3.906250E-2
3.906250E-2
3.906250E-2
3.906250E-2
3.906250E-2
3.906250E-2
3.906250E-2
3.906250E-2
3.906250E-2
4.394531E-2
3.906250E-2
3.906250E-2
3.906250E-2
3.906250E-2
3.906250E-2
3.906250E-2
3.906250E-2
3.906250E-2
3.906250E-2
3.906250E-2
3.906250E-2
3.906250E-2
3.906250E-2
4.394531E-2
3.906250E-2
3.906250E-2
3.906250E-2
3.906250E-2
3.906250E-2
3.906250E-2
3.906250E-2
3.906250E-2
3.906250E-2
3.906250E-2
3.906250E-2
3.906250E-2
3.906250E-2
3.906250E-2
3.417969E-2
3.906250E-2
3.906250E-2
3.906250E-2
3.906250E-2
3.906250E-2
3.906250E-2
3.906250E-2
3.906250E-2
3.906250E-2
3.906250E-2
3.906250E-2
3.906250E-2
3.906250E-2
3.906250E-2
3.906250E-2
3.906250E-2
3.906250E-2
3.906250E-2
3.906250E-2
3.417969E-2
3.906250E-2
3.906250E-2
3.906250E-2
3.906250E-2
3.906250E-2
3.906250E-2
3.906250E-2
3.417969E-2
3.906250E-2
3.906250E-2
3.906250E-2
3.906250E-2
3.906250E-2
3.906250E-2
3.906250E-2
3.906250E-2
3.417969E-2
3.906250E-2
3.417969E-2
3.906250E-2
3.906250E-2
3.417969E-2
3.906250E-2
3.417969E-2
3.417969E-2
3.417969E-2
3.417969E-2
3.417969E-2
3.417969E-2
3.906250E-2
3.417969E-2
3.417969E-2
3.417969E-2
3.417969E-2
3.417969E-2
3.417969E-2
3.417969E-2
3.417969E-2
3.417969E-2
3.417969E-2
3.417969E-2
3.417969E-2
3.417969E-2
3.906250E-2
3.417969E-2
3.417969E-2
3.417969E-2
3.417969E-2
3.417969E-2
3.417969E-2
3.417969E-2
3.417969E-2
3.417969E-2
3.417969E-2
3.417969E-2
3.417969E-2
3.417969E-2
3.906250E-2
3.417969E-2
3.906250E-2
3.906250E-2
3.906250E-2
3.906250E-2
3.417969E-2
3.417969E-2
3.906250E-2
3.906250E-2
3.417969E-2
3.906250E-2
3.417969E-2
3.906250E-2
3.906250E-2
3.417969E-2
3.906250E-2
3.417969E-2
3.906250E-2
3.906250E-2
3.906250E-2
3.417969E-2
3.417969E-2
3.906250E-2
3.417969E-2
3.906250E-2
3.417969E-2
3.906250E-2
3.906250E-2
3.417969E-2
3.906250E-2
3.417969E-2
3.906250E-2
3.417969E-2
3.906250E-2
3.906250E-2
3.906250E-2
3.906250E-2
3.906250E-2
3.906250E-2
3.906250E-2
3.906250E-2
3.906250E-2
3.906250E-2
3.906250E-2
3.906250E-2
3.906250E-2
3.417969E-2
3.417969E-2
3.906250E-2
3.906250E-2
3.906250E-2
3.906250E-2
3.906250E-2
3.906250E-2
3.906250E-2
3.417969E-2
3.906250E-2
3.417969E-2
3.906250E-2
3.417969E-2
3.906250E-2
3.906250E-2
3.906250E-2
3.906250E-2
3.417969E-2
3.906250E-2
3.417969E-2
3.906250E-2
3.417969E-2
3.906250E-2
3.417969E-2
3.906250E-2
3.906250E-2
3.417969E-2
3.906250E-2
3.906250E-2
3.906250E-2
3.906250E-2
3.417969E-2
3.906250E-2
3.906250E-2
3.906250E-2
3.417969E-2
3.906250E-2
3.906250E-2
3.906250E-2
3.906250E-2
3.906250E-2
3.906250E-2
3.906250E-2
3.906250E-2
3.417969E-2
3.906250E-2
3.906250E-2
3.906250E-2
3.417969E-2
3.906250E-2
3.906250E-2
3.906250E-2
3.906250E-2
3.906250E-2
3.906250E-2
3.906250E-2
3.906250E-2
3.906250E-2
3.417969E-2
3.906250E-2
3.906250E-2
3.906250E-2
3.906250E-2
3.417969E-2
3.906250E-2
3.906250E-2
3.906250E-2
3.417969E-2
3.906250E-2
3.417969E-2
3.906250E-2
3.906250E-2
3.417969E-2
3.906250E-2
3.906250E-2
3.906250E-2
3.417969E-2
3.906250E-2
3.417969E-2
3.417969E-2
3.906250E-2
3.417969E-2
3.906250E-2
3.417969E-2
3.906250E-2
3.906250E-2
3.417969E-2
3.906250E-2
3.906250E-2
3.906250E-2
3.906250E-2
3.906250E-2
3.906250E-2
3.906250E-2
3.906250E-2
3.417969E-2
3.906250E-2
3.906250E-2
3.417969E-2
3.906250E-2
3.417969E-2
3.906250E-2
3.906250E-2
3.906250E-2
3.417969E-2
3.417969E-2
3.417969E-2
3.417969E-2
3.906250E-2
3.417969E-2
3.906250E-2
3.417969E-2
3.906250E-2
3.417969E-2
3.906250E-2
3.417969E-2
3.906250E-2
3.906250E-2
3.417969E-2
3.906250E-2
3.906250E-2
3.906250E-2
3.906250E-2
3.417969E-2
3.417969E-2
3.417969E-2
3.906250E-2
3.417969E-2
3.417969E-2
3.417969E-2
3.906250E-2
3.417969E-2
3.417969E-2
3.906250E-2
3.906250E-2
3.906250E-2
3.417969E-2
3.417969E-2
3.417969E-2
3.417969E-2
3.417969E-2
3.417969E-2
3.417969E-2
3.417969E-2
3.906250E-2
3.417969E-2
3.417969E-2
3.906250E-2
3.417969E-2
3.906250E-2
3.417969E-2
3.906250E-2
3.417969E-2
3.417969E-2
3.417969E-2
3.417969E-2
3.906250E-2
3.417969E-2
3.906250E-2
3.417969E-2
3.417969E-2
3.417969E-2
3.906250E-2
3.906250E-2
3.417969E-2
3.906250E-2
3.417969E-2
3.417969E-2
3.417969E-2
3.417969E-2
3.417969E-2
3.417969E-2
3.906250E-2
3.417969E-2
3.417969E-2
3.417969E-2
3.417969E-2
3.906250E-2
3.417969E-2
3.417969E-2
3.906250E-2
3.906250E-2
3.417969E-2
3.417969E-2
3.417969E-2
3.417969E-2
3.906250E-2
3.417969E-2
3.906250E-2
3.417969E-2
3.417969E-2
3.417969E-2
3.417969E-2
3.417969E-2
3.906250E-2
3.906250E-2
3.417969E-2
3.417969E-2
3.417969E-2
3.417969E-2
3.906250E-2
3.417969E-2
3.417969E-2
3.417969E-2
3.906250E-2
3.417969E-2
3.417969E-2
3.417969E-2
3.417969E-2
3.417969E-2
3.417969E-2
3.417969E-2
3.417969E-2
3.417969E-2
3.417969E-2
3.417969E-2
3.417969E-2
3.417969E-2
3.906250E-2
3.417969E-2
3.417969E-2
3.417969E-2
3.417969E-2
3.417969E-2
3.417969E-2
3.417969E-2
3.417969E-2
3.906250E-2
3.417969E-2
3.417969E-2
3.417969E-2
3.417969E-2
3.417969E-2
3.417969E-2
3.417969E-2
3.417969E-2
3.417969E-2
3.417969E-2
3.417969E-2
3.417969E-2
3.417969E-2
3.417969E-2
3.417969E-2
3.417969E-2
3.417969E-2
3.417969E-2
3.417969E-2
3.417969E-2
3.417969E-2
3.417969E-2
3.417969E-2
3.417969E-2
3.417969E-2
3.417969E-2
3.417969E-2
3.417969E-2
3.417969E-2
3.417969E-2
3.417969E-2
3.906250E-2
3.417969E-2
3.417969E-2
3.417969E-2
3.417969E-2
3.417969E-2
3.417969E-2
3.417969E-2
3.417969E-2
3.417969E-2
3.417969E-2
3.417969E-2
3.417969E-2
3.417969E-2
3.417969E-2
3.417969E-2
3.417969E-2
3.417969E-2
3.417969E-2
3.417969E-2
3.417969E-2
3.417969E-2
3.417969E-2
3.906250E-2
3.417969E-2
3.417969E-2
3.417969E-2
3.417969E-2
3.417969E-2
2.929687E-2
3.417969E-2
3.417969E-2
3.417969E-2
3.417969E-2
3.417969E-2
3.417969E-2
3.417969E-2
3.417969E-2
3.417969E-2
3.417969E-2
3.417969E-2
3.417969E-2
3.417969E-2
2.929687E-2
3.417969E-2
3.417969E-2
3.417969E-2
3.417969E-2
3.417969E-2
2.929687E-2
3.417969E-2
3.417969E-2
3.417969E-2
3.417969E-2
3.417969E-2
3.417969E-2
3.417969E-2
3.417969E-2
3.417969E-2
3.417969E-2
3.417969E-2
3.417969E-2
3.417969E-2
3.417969E-2
3.417969E-2
3.417969E-2
2.929687E-2
3.417969E-2
3.417969E-2
3.417969E-2
3.417969E-2
3.417969E-2
3.417969E-2
3.417969E-2
3.417969E-2
2.929687E-2
3.417969E-2
3.417969E-2
3.417969E-2
3.417969E-2
3.417969E-2
3.417969E-2
3.417969E-2
3.417969E-2
2.929687E-2
3.417969E-2
3.417969E-2
3.417969E-2
3.417969E-2
2.929687E-2
3.417969E-2
3.417969E-2
3.417969E-2
2.929687E-2
3.417969E-2
3.417969E-2
3.417969E-2
3.417969E-2
3.417969E-2
3.417969E-2
3.417969E-2
3.417969E-2
3.417969E-2
3.417969E-2
3.417969E-2
3.417969E-2
3.417969E-2
2.929687E-2
3.417969E-2
3.417969E-2
3.417969E-2
3.417969E-2
3.417969E-2
3.417969E-2
3.417969E-2
3.417969E-2
2.929687E-2
3.417969E-2
3.417969E-2
3.417969E-2
3.417969E-2
2.929687E-2
2.929687E-2
3.417969E-2
3.417969E-2
2.929687E-2
3.417969E-2
3.417969E-2
3.417969E-2
3.417969E-2
2.929687E-2
3.417969E-2
3.417969E-2
3.417969E-2
3.417969E-2
3.417969E-2
3.417969E-2
3.417969E-2
3.417969E-2
2.929687E-2
3.417969E-2
3.417969E-2
3.417969E-2
3.417969E-2
3.417969E-2
3.417969E-2
3.417969E-2
3.417969E-2
2.929687E-2
3.417969E-2
3.417969E-2
3.417969E-2
3.417969E-2
3.417969E-2
3.417969E-2
3.417969E-2
3.906250E-2
3.417969E-2
3.417969E-2
3.417969E-2
3.417969E-2
3.417969E-2
3.417969E-2
3.417969E-2
3.417969E-2
3.417969E-2
3.417969E-2
3.417969E-2
3.417969E-2
3.417969E-2
3.906250E-2
3.417969E-2
3.417969E-2
3.417969E-2
3.417969E-2
3.417969E-2
3.417969E-2
3.417969E-2
3.417969E-2
3.417969E-2
3.417969E-2
3.906250E-2
3.417969E-2
3.417969E-2
3.417969E-2
3.417969E-2
3.906250E-2
3.906250E-2
3.906250E-2
3.417969E-2
3.906250E-2
3.417969E-2
3.906250E-2
3.906250E-2
3.417969E-2
3.906250E-2
3.906250E-2
3.906250E-2
3.906250E-2
3.906250E-2
3.906250E-2
3.906250E-2
3.906250E-2
3.906250E-2
3.906250E-2
3.906250E-2
3.906250E-2
4.394531E-2
3.906250E-2
3.906250E-2
3.906250E-2
3.906250E-2
4.394531E-2
3.906250E-2
4.394531E-2
4.394531E-2
4.394531E-2
4.394531E-2
3.906250E-2
4.394531E-2
4.394531E-2
4.394531E-2
4.394531E-2
4.394531E-2
4.394531E-2
4.394531E-2
4.882812E-2
4.394531E-2
4.882812E-2
4.882812E-2
4.882812E-2
4.882812E-2
4.882812E-2
4.882812E-2
4.882812E-2
4.882812E-2
4.882812E-2
4.882812E-2
4.882812E-2
4.882812E-2
4.882812E-2
4.882812E-2
4.882812E-2
4.882812E-2
4.882812E-2
5.371094E-2
4.882812E-2
4.882812E-2
4.882812E-2
4.882812E-2
4.882812E-2
4.882812E-2
4.882812E-2
4.882812E-2
