VirtualBench-DSA 2.5 Waveform File
X0: 0.000000E+0	Delta-X: Inf
1.223824E-1
1.132508E+0
1.044665E+0
1.396039E+0
2.464788E+0
6.097291E+0
2.431654E+1
8.928772E+1
2.354214E+1
6.703477E+0
3.755026E+0
4.581767E+0
5.094382E+0
5.550770E+0
5.385200E+0
4.417624E+0
4.330281E+0
4.327298E+0
5.063318E+0
6.146005E+0
5.556999E+0
5.427633E+0
4.812435E+0
5.157403E+0
5.869306E+0
6.554368E+0
6.315546E+0
5.590535E+0
4.806492E+0
4.776042E+0
8.275056E+0
8.781725E+0
3.914540E+0
4.837639E+0
5.170214E+0
5.910399E+0
5.721073E+0
5.371905E+0
5.257108E+0
5.053396E+0
5.535572E+0
6.126218E+0
6.337110E+0
6.062616E+0
5.654227E+0
6.274048E+0
8.847215E+0
1.177313E+1
6.130741E+0
4.013361E+0
5.070293E+0
5.595491E+0
6.283870E+0
6.080998E+0
6.611705E+0
6.632976E+0
7.385435E+0
7.745331E+0
7.125449E+0
6.601478E+0
6.203652E+0
6.346270E+0
6.369278E+0
7.018354E+0
6.141304E+0
6.487048E+0
5.946355E+0
5.977573E+0
9.181715E+0
1.290736E+1
8.745482E+0
8.157067E+0
7.296403E+0
7.089201E+0
7.657816E+0
6.810175E+0
7.109814E+0
7.665693E+0
7.598076E+0
8.493129E+0
8.535669E+0
8.775273E+0
7.999564E+0
8.620703E+0
8.973431E+0
1.112278E+1
8.243209E+0
8.635178E+0
6.981745E+0
1.045288E+1
1.447296E+1
1.189483E+1
9.174865E+0
9.183260E+0
8.910816E+0
8.277381E+0
7.220334E+0
6.812470E+0
7.091898E+0
7.103764E+0
7.461585E+0
7.532788E+0
7.644788E+0
8.061099E+0
7.895867E+0
1.122884E+1
1.296706E+1
1.476248E+1
6.784519E+0
5.914496E+0
6.579044E+0
6.519587E+0
7.599515E+0
7.902053E+0
9.034707E+0
1.021680E+1
1.048273E+1
1.184663E+1
1.213622E+1
1.307600E+1
1.429841E+1
1.460581E+1
1.637563E+1
1.822656E+1
1.609172E+1
1.619712E+1
1.431796E+1
1.420557E+1
7.215417E+0
6.011843E+0
6.159448E+0
5.783250E+0
4.829533E+0
4.314987E+0
3.296753E+0
2.795887E+0
3.064660E+0
3.121766E+0
3.483440E+0
3.703264E+0
3.444775E+0
4.003652E+0
4.167905E+0
4.544520E+0
4.667203E+0
4.649664E+0
3.439847E+0
2.432753E+0
1.731520E+0
1.699410E+0
2.004130E+0
1.976925E+0
2.698423E+0
3.070559E+0
3.540104E+0
4.471220E+0
3.651008E+0
4.130035E+0
4.051418E+0
3.612694E+0
3.396999E+0
3.118065E+0
2.858663E+0
2.622441E+0
2.565073E+0
3.201751E+0
2.948383E+0
3.393052E+0
3.133753E+0
3.274716E+0
4.082558E+0
4.106370E+0
3.499403E+0
3.748757E+0
3.391731E+0
3.514421E+0
3.763905E+0
4.060967E+0
3.939897E+0
3.672470E+0
3.747059E+0
3.505126E+0
3.587122E+0
3.447734E+0
2.756809E+0
2.593371E+0
2.544210E+0
3.045110E+0
3.107691E+0
4.075886E+0
5.075466E+0
5.191249E+0
5.586651E+0
6.817127E+0
5.114771E+0
5.646194E+0
4.295796E+0
4.484187E+0
4.058954E+0
3.667213E+0
3.111134E+0
3.059299E+0
3.128833E+0
2.819091E+0
3.326884E+0
3.192076E+0
4.596952E+0
6.606272E+0
9.653982E+0
7.299502E+0
7.207543E+0
6.414873E+0
7.697625E+0
8.023202E+0
7.193857E+0
7.336755E+0
7.037493E+0
8.188653E+0
7.069310E+0
1.885657E+1
8.391378E+0
6.694151E+0
7.804560E+0
4.253527E+0
1.244906E+1
1.352239E+1
2.851400E+1
1.361059E+1
1.188470E+2
2.584261E+1
1.389759E+1
9.403654E+0
5.380931E+0
4.349349E+0
3.216294E+0
3.591151E+0
3.180917E+0
3.024228E+0
4.014792E+0
3.833216E+0
4.095424E+0
6.694923E+0
8.030763E+0
1.435227E+1
8.206562E+0
6.704174E+0
8.622711E+0
5.672399E+0
5.050690E+0
4.980686E+0
5.116073E+0
5.854060E+0
7.663535E+0
7.403933E+0
1.161340E+1
6.591853E+0
9.827128E+0
9.997035E+0
1.072571E+1
1.283894E+1
7.425505E+0
1.204731E+1
1.659017E+1
2.707419E+1
1.334887E+1
9.857357E+0
1.052832E+1
7.989089E+0
6.806201E+0
8.198616E+0
5.541943E+0
6.504706E+0
4.858617E+0
4.901964E+0
5.379848E+0
7.219949E+0
7.748392E+0
8.161448E+0
1.214966E+1
8.386642E+0
5.834645E+0
5.436801E+0
4.317869E+0
4.149724E+0
5.079120E+0
3.638764E+0
3.729875E+0
3.499091E+0
3.241488E+0
4.199398E+0
3.857063E+0
3.460089E+0
4.659244E+0
3.047843E+0
4.494905E+0
3.392953E+0
4.176197E+0
3.982084E+0
4.151868E+0
5.129309E+0
3.503071E+0
4.623612E+0
4.487838E+0
4.831403E+0
2.933028E+0
2.520278E+0
2.366439E+0
2.203940E+0
2.505435E+0
2.253078E+0
2.401993E+0
2.324703E+0
2.948457E+0
2.694186E+0
2.825272E+0
4.044997E+0
2.958603E+0
2.631994E+0
4.191294E+0
2.862174E+0
3.298546E+0
2.571239E+0
3.148153E+0
2.670253E+0
2.861388E+0
2.897528E+0
2.608762E+0
2.940832E+0
2.911173E+0
2.971040E+0
2.342270E+0
2.673739E+0
2.684041E+0
3.308939E+0
2.958830E+0
3.170688E+0
3.322730E+0
3.618283E+0
3.528042E+0
3.766894E+0
3.968678E+0
4.585935E+0
3.530939E+0
3.610422E+0
6.485509E+0
3.424370E+0
3.525298E+0
3.070830E+0
2.800069E+0
3.713409E+0
7.055064E+0
7.060665E+0
4.902251E+0
4.052167E+0
3.153201E+0
2.749103E+0
6.060678E+0
4.317510E+0
4.611701E+0
4.226628E+0
2.830223E+0
1.294005E+1
1.420165E+0
1.946382E+0
7.073424E-1
6.403048E-1
1.253499E+0
6.277011E-1
2.108207E+0
1.249577E+0
1.214176E+0
1.800504E+0
1.680003E+0
1.481921E+0
3.428647E+0
2.992118E+0
1.884978E+0
3.702107E+0
3.138957E+0
6.721545E+0
3.093338E+0
1.083789E+1
2.461083E+0
5.177059E+0
5.254898E+0
3.859958E+0
3.458642E+0
3.908005E+0
3.062914E+0
6.651354E+0
3.451893E+0
5.438624E+0
9.502074E+0
8.505711E+0
9.461622E+0
1.122044E+1
1.032536E+1
1.083225E+1
9.034676E+0
1.309475E+1
7.600216E+0
