VirtualBench-DSA 2.5 Waveform File
X0: 0.000000E+0	Delta-X: Inf
2.038828E-2
5.019382E-1
5.810569E-1
9.224981E-1
1.021545E+0
1.167034E+0
1.314446E+0
1.724820E+0
1.614486E+0
1.795269E+0
1.970081E+0
2.060652E+0
1.997697E+0
2.261703E+0
2.240667E+0
2.616347E+0
2.878598E+0
2.410286E+0
2.924655E+0
3.047789E+0
3.145454E+0
4.715572E+0
5.387570E+0
4.585376E+0
5.869949E+0
5.882230E+0
6.831084E+0
9.122453E+0
8.675913E+0
1.306913E+1
1.497302E+1
2.313872E+1
4.826211E+1
7.970232E+1
1.907011E+1
1.140377E+1
9.650582E+0
5.631620E+0
4.341323E+0
3.417165E+0
3.909235E+0
4.281547E+0
4.078968E+0
3.901933E+0
4.554206E+0
3.714105E+0
2.737257E+0
3.642593E+0
3.725091E+0
2.937728E+0
3.565722E+0
2.912288E+0
2.778822E+0
2.604235E+0
2.886466E+0
3.961202E+0
2.674230E+0
2.331834E+0
2.528617E+0
2.468829E+0
2.609044E+0
2.608851E+0
2.381687E+0
2.176527E+0
3.068817E+0
2.431674E+0
2.001280E+0
2.294389E+0
2.168066E+0
2.289778E+0
2.330085E+0
2.395012E+0
2.595070E+0
2.601037E+0
2.898765E+0
2.415627E+0
2.540578E+0
2.733639E+0
2.741010E+0
2.697105E+0
2.512263E+0
3.291488E+0
3.193814E+0
3.516653E+0
2.961631E+0
2.306014E+0
4.396065E+0
3.010092E+0
2.281983E+0
4.126505E+0
2.788990E+0
2.851967E+0
1.895443E+0
3.819042E+0
3.849347E+0
2.276657E+0
4.336355E+0
2.881425E+0
1.548341E+0
1.872938E+0
2.829660E+0
2.936935E+0
2.507177E+0
1.513937E+0
1.599012E+0
2.585383E+0
2.672276E+0
1.411436E+0
1.873924E+0
1.018512E+0
9.684760E-1
1.302712E+0
1.048812E+0
1.148132E+0
9.979585E-1
9.874551E-1
1.281319E+0
1.790988E+0
1.502043E+0
1.484076E+0
1.911233E+0
1.840220E+0
1.884182E+0
1.883893E+0
2.474386E+0
1.749688E+0
2.149743E+0
2.886591E+0
2.005143E+0
2.481812E+0
2.538629E+0
2.901303E+0
2.877633E+0
2.410256E+0
3.209196E+0
3.686964E+0
3.801878E+0
2.686090E+0
3.915321E+0
2.488839E+0
2.336701E+0
3.246160E+0
3.451798E+0
5.831649E+0
3.511646E+0
3.069111E+0
3.372480E+0
3.700724E+0
4.699182E+0
2.917205E+0
6.204029E+0
4.314456E+0
3.141182E+0
4.998330E+0
1.207047E+1
5.766699E+0
5.258118E+0
6.406081E+0
8.324939E+0
4.837491E+0
3.984653E+0
3.066764E+0
3.111517E+0
4.018550E+0
3.792515E+0
6.809287E+0
8.940981E+0
4.425250E+0
3.009297E+0
2.725122E+0
1.761424E+0
1.852665E+0
3.218847E+0
1.568982E+0
1.560055E+0
2.154581E+0
5.277280E+0
2.399418E+0
1.877243E+0
3.630705E+0
2.773465E+0
5.264247E+0
4.506268E+0
3.424945E+0
4.201763E+0
5.847170E+0
6.405755E+0
7.077610E+0
4.899586E+0
4.697174E+0
8.055297E+0
5.895651E+0
7.060431E+0
6.709634E+0
5.228020E+0
7.091819E+0
7.492243E+0
8.390650E+0
1.304416E+1
8.376911E+0
9.572908E+0
2.626708E+1
2.434607E+1
1.155051E+1
1.277367E+1
1.907932E+1
3.124732E+1
1.972007E+1
2.331897E+1
2.363659E+1
2.878733E+1
2.734211E+1
2.597342E+1
2.471579E+1
3.763139E+1
4.017536E+1
4.899251E+1
3.098810E+1
2.705869E+1
6.869392E+1
2.558806E+2
2.865186E+2
1.658599E+1
2.717563E+1
1.400588E+1
2.319996E+1
3.156373E+1
1.196304E+1
9.878310E+0
1.776840E+1
1.040006E+1
9.281759E+0
5.019813E+0
5.627210E+0
3.649864E+0
2.069931E+0
5.632529E+0
4.411893E+0
9.569009E+0
6.438282E+0
3.628884E+0
5.659649E+0
3.938337E+0
5.194628E+0
1.007135E+1
9.266623E+0
4.956267E+0
1.171690E+1
6.671038E+0
1.079628E+1
5.897173E+0
4.925228E+0
4.014373E+0
7.223131E+0
4.810196E+0
5.001423E+0
5.735734E+0
4.109441E+0
3.806049E+0
3.291040E+0
3.021957E+0
3.274927E+0
3.254508E+0
5.217990E+0
4.355573E+0
3.378200E+0
2.618993E+0
3.236273E+0
1.680358E+0
2.641671E+0
2.454126E+0
3.703144E+0
2.098204E+0
2.451230E+0
1.708693E+0
2.493126E+0
4.570652E+0
4.661171E+0
3.705103E+0
3.606242E+0
2.628207E+0
2.146200E+0
3.101799E+0
9.912625E+0
3.424605E+0
2.663308E+0
5.671914E+0
8.996287E+0
4.899338E+0
6.056536E+0
1.066886E+1
9.863942E+0
5.664864E+0
4.930699E+0
9.075911E+0
6.584976E+0
4.508817E+0
6.088940E+0
6.440504E+0
4.389254E+0
3.693934E+0
5.509434E+0
4.334199E+0
2.652838E+0
2.797058E+0
3.023704E+0
2.999698E+0
3.928318E+0
2.343924E+0
2.387899E+0
4.335545E+0
2.565823E+0
2.319351E+0
2.287280E+0
3.977057E+0
2.224264E+0
3.255492E+0
2.989169E+0
3.233987E+0
2.508728E+0
1.797813E+0
2.612074E+0
2.676740E+0
1.806664E+0
3.662428E+0
3.148896E+0
1.974108E+0
2.635390E+0
2.133305E+0
4.471348E+0
3.548699E+0
2.763357E+0
2.995156E+0
2.906439E+0
2.557523E+0
2.309512E+0
3.624937E+0
2.875670E+0
2.313050E+0
2.402836E+0
3.074638E+0
2.432784E+0
3.545086E+0
3.903747E+0
3.477491E+0
3.140267E+0
4.075891E+0
3.672727E+0
3.146102E+0
3.040308E+0
2.881807E+0
3.015270E+0
4.308295E+0
2.797852E+0
3.268915E+0
3.984449E+0
3.581297E+0
3.961008E+0
3.723055E+0
4.681428E+0
2.272985E+0
3.056635E+0
3.323195E+0
3.653414E+0
3.558222E+0
2.215466E+0
3.285181E+0
3.612906E+0
3.582885E+0
2.616968E+0
3.024361E+0
3.145149E+0
3.386268E+0
6.604035E+0
4.094865E+0
3.880473E+0
4.791799E+0
2.690708E+0
3.322612E+0
4.844685E+0
2.588534E+0
3.272032E+0
5.358224E+0
2.601563E+0
3.318398E+0
4.161633E+0
3.930275E+0
2.927027E+0
3.422000E+0
4.248207E+0
5.052582E+0
3.889091E+0
3.328753E+0
4.583048E+0
7.081274E+0
5.155652E+0
3.468264E+0
3.080341E+0
3.068797E+0
2.911817E+0
3.406936E+0
