VirtualBench-DSA 2.5 Waveform File
X0: 0.000000E+0	Delta-X: 1.953000E-4
2.490234E-1
1.391602E+0
1.918945E+0
1.015625E+0
7.910156E-1
1.757812E-1
-4.882812E-2
-4.785156E-1
-4.345703E-1
-2.734375E-1
-1.708984E-1
3.271484E-1
1.855469E-1
1.904297E-1
-2.001953E-1
-3.759766E-1
-3.857422E-1
-2.441406E-1
-1.123047E-1
3.906250E-2
2.685547E-1
-7.324219E-2
-1.367187E-1
-4.638672E-1
-4.296875E-1
-2.832031E-1
-1.562500E-1
-9.765625E-3
1.464844E-2
9.765625E-2
-1.464844E-1
-2.832031E-1
-4.638672E-1
-3.857422E-1
-2.294922E-1
-1.318359E-1
-1.464844E-2
-1.953125E-2
-5.859375E-2
-2.343750E-1
-3.320312E-1
-4.248047E-1
-2.929687E-1
-1.318359E-1
-4.882812E-2
9.765625E-3
-1.025391E-1
-2.148437E-1
-3.271484E-1
-3.613281E-1
-2.832031E-1
-5.371094E-2
2.343750E-1
6.298828E-1
8.105469E-1
5.957031E-1
1.562500E-1
-1.367187E-1
-2.978516E-1
-3.076172E-1
-2.636719E-1
-1.708984E-1
-8.300781E-2
-5.859375E-2
-9.277344E-2
-1.855469E-1
-2.490234E-1
-2.832031E-1
-2.099609E-1
-1.171875E-1
-5.371094E-2
-5.371094E-2
-1.074219E-1
-1.562500E-1
-2.099609E-1
-2.441406E-1
-1.757812E-1
-6.835937E-2
3.906250E-2
6.835937E-2
7.324219E-2
6.347656E-2
5.371094E-2
1.953125E-2
-9.765625E-3
-1.953125E-2
4.882812E-3
1.953125E-2
-1.953125E-2
-4.882812E-2
-8.300781E-2
-8.789062E-2
-7.812500E-2
-4.394531E-2
-1.953125E-2
0.000000E+0
-1.464844E-2
-4.882812E-2
-7.324219E-2
-7.812500E-2
-5.371094E-2
-1.464844E-2
1.464844E-2
3.417969E-2
2.929687E-2
4.882812E-3
-2.929687E-2
-3.906250E-2
-9.765625E-3
2.441406E-2
6.835937E-2
8.300781E-2
8.789062E-2
6.347656E-2
3.417969E-2
1.464844E-2
2.929687E-2
6.347656E-2
9.765625E-2
1.171875E-1
1.074219E-1
8.789062E-2
5.859375E-2
4.882812E-2
5.859375E-2
8.789062E-2
1.220703E-1
1.367187E-1
1.269531E-1
1.025391E-1
8.300781E-2
7.812500E-2
9.277344E-2
1.220703E-1
1.464844E-1
1.660156E-1
1.513672E-1
1.318359E-1
1.025391E-1
9.765625E-2
1.025391E-1
1.171875E-1
1.416016E-1
1.513672E-1
1.464844E-1
1.269531E-1
1.074219E-1
9.277344E-2
9.765625E-2
1.123047E-1
1.318359E-1
1.416016E-1
1.318359E-1
1.171875E-1
9.765625E-2
9.277344E-2
9.765625E-2
1.074219E-1
1.220703E-1
1.220703E-1
1.171875E-1
9.765625E-2
7.812500E-2
6.835937E-2
6.835937E-2
7.812500E-2
8.789062E-2
8.789062E-2
7.812500E-2
6.347656E-2
3.906250E-2
2.929687E-2
2.929687E-2
3.906250E-2
4.882812E-2
4.882812E-2
3.906250E-2
2.441406E-2
9.765625E-3
-4.882812E-3
-9.765625E-3
0.000000E+0
4.882812E-3
9.765625E-3
-4.882812E-3
-1.953125E-2
-3.417969E-2
-3.906250E-2
-4.882812E-2
-4.394531E-2
-3.906250E-2
-3.906250E-2
-4.394531E-2
-5.859375E-2
-7.324219E-2
-8.300781E-2
-8.300781E-2
-7.812500E-2
-6.835937E-2
-6.835937E-2
-7.324219E-2
-8.300781E-2
-1.025391E-1
-1.074219E-1
-1.123047E-1
-1.074219E-1
-9.765625E-2
-9.765625E-2
-9.765625E-2
-1.074219E-1
-1.171875E-1
-1.318359E-1
-1.269531E-1
-1.269531E-1
-1.220703E-1
-1.171875E-1
-1.220703E-1
-1.220703E-1
-1.269531E-1
-1.318359E-1
-1.367187E-1
-1.318359E-1
-1.269531E-1
-1.220703E-1
-1.220703E-1
-1.269531E-1
-1.269531E-1
-1.318359E-1
-1.318359E-1
-1.269531E-1
-1.220703E-1
-1.171875E-1
-1.123047E-1
-1.123047E-1
-1.171875E-1
-1.171875E-1
-1.171875E-1
-1.123047E-1
-1.025391E-1
-9.765625E-2
-9.277344E-2
-8.789062E-2
-8.789062E-2
-9.277344E-2
-8.789062E-2
-8.300781E-2
-7.324219E-2
-6.347656E-2
-5.859375E-2
-5.859375E-2
-5.371094E-2
-5.371094E-2
-5.371094E-2
-4.394531E-2
-3.417969E-2
-2.441406E-2
-1.953125E-2
-1.953125E-2
-1.953125E-2
-1.953125E-2
-1.464844E-2
-9.765625E-3
4.882812E-3
9.765625E-3
1.953125E-2
1.953125E-2
1.953125E-2
1.953125E-2
2.441406E-2
3.417969E-2
3.906250E-2
4.882812E-2
5.371094E-2
5.859375E-2
5.859375E-2
5.859375E-2
6.347656E-2
6.835937E-2
7.324219E-2
7.812500E-2
8.300781E-2
8.789062E-2
8.789062E-2
8.789062E-2
8.789062E-2
9.765625E-2
1.025391E-1
1.074219E-1
1.074219E-1
1.074219E-1
1.074219E-1
1.074219E-1
1.123047E-1
1.123047E-1
1.171875E-1
1.171875E-1
1.220703E-1
1.220703E-1
1.220703E-1
1.171875E-1
1.171875E-1
1.171875E-1
1.171875E-1
1.220703E-1
1.220703E-1
1.220703E-1
1.171875E-1
1.123047E-1
1.123047E-1
1.074219E-1
1.123047E-1
1.074219E-1
1.074219E-1
1.025391E-1
1.025391E-1
9.765625E-2
9.765625E-2
9.277344E-2
8.789062E-2
8.789062E-2
8.300781E-2
8.300781E-2
7.324219E-2
6.835937E-2
6.835937E-2
5.859375E-2
5.859375E-2
5.859375E-2
5.371094E-2
4.882812E-2
4.394531E-2
3.417969E-2
3.417969E-2
2.929687E-2
1.953125E-2
1.953125E-2
1.464844E-2
1.464844E-2
4.882812E-3
0.000000E+0
-9.765625E-3
-9.765625E-3
-1.464844E-2
-1.953125E-2
-2.441406E-2
-2.929687E-2
-2.929687E-2
-3.906250E-2
-4.394531E-2
-4.882812E-2
-5.371094E-2
-5.371094E-2
-6.347656E-2
-6.347656E-2
-6.835937E-2
-7.324219E-2
-7.812500E-2
-7.812500E-2
-8.789062E-2
-8.789062E-2
-8.789062E-2
-9.277344E-2
-9.765625E-2
-9.765625E-2
-1.025391E-1
-1.074219E-1
-1.123047E-1
-1.074219E-1
-1.123047E-1
-1.123047E-1
-1.123047E-1
-1.171875E-1
-1.171875E-1
-1.171875E-1
-1.220703E-1
-1.269531E-1
-1.171875E-1
-1.220703E-1
-1.220703E-1
-1.220703E-1
-1.220703E-1
-1.220703E-1
-1.220703E-1
-1.171875E-1
-1.171875E-1
-1.171875E-1
-1.171875E-1
-1.171875E-1
-1.123047E-1
-1.123047E-1
-1.123047E-1
-1.074219E-1
-1.074219E-1
-1.025391E-1
-1.025391E-1
-9.765625E-2
-9.765625E-2
-9.277344E-2
-9.277344E-2
-8.789062E-2
-8.300781E-2
-7.812500E-2
-7.324219E-2
-7.324219E-2
-6.835937E-2
-6.347656E-2
-5.859375E-2
-5.859375E-2
-5.371094E-2
-4.882812E-2
-4.394531E-2
-3.906250E-2
-3.417969E-2
-2.929687E-2
-2.441406E-2
-1.953125E-2
-1.464844E-2
-9.765625E-3
-4.882812E-3
0.000000E+0
4.882812E-3
9.765625E-3
1.464844E-2
1.953125E-2
2.441406E-2
2.929687E-2
3.417969E-2
3.417969E-2
3.906250E-2
4.394531E-2
5.371094E-2
5.371094E-2
5.859375E-2
5.859375E-2
6.835937E-2
6.835937E-2
6.835937E-2
7.812500E-2
7.812500E-2
8.300781E-2
8.789062E-2
8.789062E-2
8.789062E-2
9.277344E-2
9.765625E-2
9.765625E-2
1.025391E-1
1.025391E-1
1.025391E-1
1.074219E-1
1.025391E-1
1.074219E-1
1.123047E-1
1.074219E-1
1.123047E-1
1.123047E-1
1.123047E-1
1.123047E-1
1.123047E-1
1.123047E-1
1.123047E-1
1.123047E-1
1.074219E-1
1.074219E-1
1.074219E-1
1.074219E-1
1.074219E-1
1.074219E-1
1.025391E-1
1.025391E-1
9.765625E-2
9.765625E-2
9.277344E-2
9.277344E-2
8.789062E-2
8.789062E-2
8.789062E-2
7.812500E-2
7.812500E-2
7.324219E-2
6.835937E-2
6.347656E-2
5.859375E-2
5.859375E-2
5.371094E-2
5.371094E-2
4.394531E-2
4.394531E-2
3.906250E-2
3.417969E-2
2.929687E-2
2.441406E-2
1.953125E-2
1.464844E-2
9.765625E-3
4.882812E-3
0.000000E+0
-4.882812E-3
-9.765625E-3
-1.464844E-2
-1.953125E-2
-1.953125E-2
-2.929687E-2
-2.929687E-2
-3.417969E-2
-3.906250E-2
-4.394531E-2
-4.882812E-2
-5.371094E-2
-5.859375E-2
-5.859375E-2
-6.347656E-2
-6.835937E-2
-6.835937E-2
-7.812500E-2
-7.812500E-2
-8.300781E-2
-8.300781E-2
-8.789062E-2
-8.789062E-2
-9.277344E-2
-9.765625E-2
-9.765625E-2
-1.025391E-1
-9.765625E-2
-1.025391E-1
-1.025391E-1
-1.074219E-1
-1.074219E-1
-1.123047E-1
-1.123047E-1
-1.123047E-1
-1.171875E-1
-1.123047E-1
-1.171875E-1
-1.123047E-1
-1.171875E-1
-1.171875E-1
-1.171875E-1
-1.123047E-1
-1.123047E-1
-1.171875E-1
-1.123047E-1
-1.123047E-1
-1.123047E-1
-1.074219E-1
-1.074219E-1
-1.074219E-1
-1.025391E-1
-9.765625E-2
-9.765625E-2
-9.765625E-2
-9.277344E-2
-9.277344E-2
-8.789062E-2
-8.789062E-2
-8.300781E-2
-7.812500E-2
-7.324219E-2
-7.324219E-2
-6.835937E-2
-6.835937E-2
-5.859375E-2
-5.859375E-2
-5.859375E-2
-4.882812E-2
-4.394531E-2
-3.906250E-2
-3.906250E-2
-3.417969E-2
-2.929687E-2
-2.441406E-2
-1.953125E-2
-1.464844E-2
-9.765625E-3
-4.882812E-3
0.000000E+0
4.882812E-3
4.882812E-3
1.464844E-2
1.464844E-2
2.441406E-2
1.953125E-2
2.929687E-2
3.417969E-2
3.906250E-2
3.906250E-2
4.394531E-2
4.882812E-2
4.882812E-2
5.859375E-2
5.859375E-2
6.347656E-2
6.835937E-2
6.835937E-2
7.812500E-2
7.324219E-2
7.812500E-2
8.300781E-2
8.300781E-2
8.789062E-2
8.789062E-2
9.277344E-2
9.277344E-2
9.765625E-2
9.765625E-2
9.765625E-2
1.025391E-1
1.025391E-1
1.074219E-1
1.025391E-1
1.074219E-1
1.025391E-1
1.074219E-1
1.074219E-1
1.074219E-1
1.074219E-1
1.074219E-1
1.074219E-1
1.025391E-1
1.025391E-1
1.025391E-1
1.025391E-1
1.025391E-1
9.765625E-2
9.765625E-2
9.765625E-2
9.277344E-2
9.277344E-2
8.789062E-2
8.789062E-2
8.300781E-2
8.300781E-2
7.812500E-2
7.324219E-2
7.324219E-2
6.835937E-2
6.347656E-2
5.859375E-2
5.859375E-2
5.371094E-2
5.371094E-2
4.882812E-2
4.394531E-2
3.906250E-2
3.417969E-2
3.417969E-2
2.441406E-2
2.441406E-2
1.953125E-2
1.464844E-2
9.765625E-3
9.765625E-3
0.000000E+0
0.000000E+0
-4.882812E-3
-1.464844E-2
-1.464844E-2
-1.953125E-2
-2.441406E-2
-2.929687E-2
-3.417969E-2
-3.906250E-2
-3.906250E-2
-4.394531E-2
-4.882812E-2
-5.371094E-2
-5.859375E-2
-5.859375E-2
-6.347656E-2
-6.835937E-2
-6.835937E-2
-7.324219E-2
-7.812500E-2
-7.812500E-2
-8.300781E-2
-8.789062E-2
-8.789062E-2
-8.789062E-2
-9.765625E-2
-9.765625E-2
-9.765625E-2
-9.765625E-2
-9.765625E-2
-1.025391E-1
-1.025391E-1
-1.025391E-1
-1.074219E-1
-1.074219E-1
-1.074219E-1
-1.074219E-1
-1.074219E-1
-1.074219E-1
-1.123047E-1
-1.074219E-1
-1.074219E-1
-1.074219E-1
-1.074219E-1
-1.074219E-1
-1.074219E-1
-1.074219E-1
-1.025391E-1
-1.074219E-1
-1.025391E-1
-1.025391E-1
-9.765625E-2
-9.765625E-2
-9.277344E-2
-9.277344E-2
-8.789062E-2
-8.789062E-2
-8.300781E-2
-8.300781E-2
-7.812500E-2
-7.324219E-2
-7.324219E-2
-7.324219E-2
-6.835937E-2
-6.347656E-2
-5.859375E-2
-5.859375E-2
-5.371094E-2
-4.882812E-2
-4.394531E-2
-3.906250E-2
-3.906250E-2
-3.417969E-2
-2.929687E-2
-2.441406E-2
-1.953125E-2
-1.464844E-2
-1.464844E-2
-9.765625E-3
0.000000E+0
0.000000E+0
4.882812E-3
9.765625E-3
1.464844E-2
1.953125E-2
1.953125E-2
2.441406E-2
2.929687E-2
3.906250E-2
3.906250E-2
3.906250E-2
4.882812E-2
4.882812E-2
5.371094E-2
5.371094E-2
5.859375E-2
5.859375E-2
6.835937E-2
6.835937E-2
6.835937E-2
7.324219E-2
7.812500E-2
8.300781E-2
7.812500E-2
8.300781E-2
8.789062E-2
8.789062E-2
9.277344E-2
9.277344E-2
9.277344E-2
9.765625E-2
9.765625E-2
9.765625E-2
9.765625E-2
9.765625E-2
9.765625E-2
9.765625E-2
9.765625E-2
1.025391E-1
1.025391E-1
1.025391E-1
9.765625E-2
9.765625E-2
9.765625E-2
9.765625E-2
9.765625E-2
9.277344E-2
9.277344E-2
9.277344E-2
9.277344E-2
8.789062E-2
8.789062E-2
8.789062E-2
8.300781E-2
8.300781E-2
7.812500E-2
7.812500E-2
6.835937E-2
6.835937E-2
6.347656E-2
5.859375E-2
5.859375E-2
5.859375E-2
5.371094E-2
4.882812E-2
4.394531E-2
3.906250E-2
3.906250E-2
3.417969E-2
2.929687E-2
2.929687E-2
2.441406E-2
1.953125E-2
1.464844E-2
9.765625E-3
9.765625E-3
4.882812E-3
0.000000E+0
-4.882812E-3
-9.765625E-3
-1.464844E-2
-1.953125E-2
-2.441406E-2
-2.929687E-2
-2.929687E-2
-3.417969E-2
-3.906250E-2
-3.906250E-2
-4.394531E-2
-4.882812E-2
-5.371094E-2
-5.371094E-2
-6.347656E-2
-6.347656E-2
-6.347656E-2
-6.835937E-2
-7.324219E-2
-7.324219E-2
-7.812500E-2
-7.812500E-2
-7.812500E-2
-8.789062E-2
-8.789062E-2
-9.277344E-2
-9.277344E-2
-9.277344E-2
-9.765625E-2
-9.765625E-2
-9.765625E-2
-9.765625E-2
-1.025391E-1
-1.025391E-1
-1.025391E-1
-1.025391E-1
-1.025391E-1
-1.074219E-1
-1.025391E-1
-1.025391E-1
-1.025391E-1
-1.025391E-1
-1.025391E-1
-1.025391E-1
-9.765625E-2
-9.765625E-2
-1.025391E-1
-9.765625E-2
-9.765625E-2
-9.765625E-2
-9.765625E-2
-9.277344E-2
-9.277344E-2
-8.789062E-2
-8.300781E-2
-8.789062E-2
-7.812500E-2
-7.812500E-2
-7.812500E-2
-7.324219E-2
-6.835937E-2
-6.835937E-2
-6.347656E-2
-5.859375E-2
-5.859375E-2
-5.371094E-2
-4.882812E-2
-4.882812E-2
-4.394531E-2
-3.906250E-2
-3.417969E-2
-3.417969E-2
-2.929687E-2
-2.441406E-2
-1.953125E-2
-1.953125E-2
-1.464844E-2
-9.765625E-3
-9.765625E-3
0.000000E+0
4.882812E-3
9.765625E-3
9.765625E-3
1.464844E-2
1.953125E-2
2.441406E-2
2.929687E-2
2.929687E-2
3.417969E-2
3.906250E-2
4.394531E-2
4.394531E-2
4.882812E-2
5.371094E-2
5.371094E-2
5.859375E-2
5.859375E-2
6.347656E-2
6.347656E-2
6.835937E-2
7.324219E-2
7.324219E-2
7.812500E-2
7.812500E-2
8.300781E-2
8.300781E-2
8.300781E-2
8.789062E-2
8.789062E-2
9.277344E-2
9.277344E-2
9.277344E-2
9.277344E-2
9.277344E-2
9.277344E-2
9.277344E-2
9.277344E-2
9.277344E-2
9.765625E-2
9.277344E-2
9.765625E-2
9.277344E-2
9.277344E-2
9.277344E-2
8.789062E-2
9.277344E-2
8.789062E-2
9.277344E-2
8.789062E-2
8.300781E-2
8.300781E-2
7.812500E-2
8.300781E-2
7.324219E-2
7.812500E-2
7.324219E-2
6.835937E-2
6.835937E-2
6.347656E-2
5.859375E-2
5.859375E-2
5.859375E-2
4.882812E-2
4.882812E-2
4.394531E-2
3.906250E-2
3.906250E-2
3.417969E-2
2.929687E-2
2.441406E-2
2.441406E-2
1.953125E-2
1.464844E-2
1.464844E-2
9.765625E-3
4.882812E-3
-4.882812E-3
0.000000E+0
-9.765625E-3
-1.464844E-2
-1.464844E-2
-1.953125E-2
-2.441406E-2
-2.929687E-2
-2.929687E-2
-3.417969E-2
-3.906250E-2
-4.394531E-2
-4.882812E-2
-4.882812E-2
-5.371094E-2
-5.859375E-2
-5.859375E-2
-6.347656E-2
-6.347656E-2
-6.835937E-2
-6.835937E-2
-7.324219E-2
-7.812500E-2
-7.812500E-2
-8.300781E-2
-7.812500E-2
-8.300781E-2
-8.789062E-2
-8.789062E-2
-9.277344E-2
-9.277344E-2
-9.277344E-2
-9.277344E-2
-9.765625E-2
-9.765625E-2
-9.765625E-2
-9.765625E-2
-9.765625E-2
-9.765625E-2
-9.765625E-2
-9.765625E-2
-9.765625E-2
-9.765625E-2
-9.765625E-2
-9.765625E-2
-9.765625E-2
-9.765625E-2
-9.277344E-2
-9.277344E-2
-9.277344E-2
-9.277344E-2
-8.789062E-2
-8.789062E-2
-8.789062E-2
-8.300781E-2
-8.300781E-2
