VirtualBench-DSA 2.5 Waveform File
X0: 0.000000E+0	Delta-X: 9.765500E-4
0.000000E+0
1.660156E-1
7.910156E-1
-1.660156E-1
-4.052734E-1
-3.027344E-1
-8.789062E-2
1.757812E-1
9.765625E-3
-1.464844E-1
-2.343750E-1
9.277344E-2
1.220703E-1
-1.171875E-1
-1.660156E-1
-5.371094E-2
6.835937E-2
1.025391E-1
-6.835937E-2
-7.812500E-2
8.789062E-2
1.074219E-1
8.300781E-2
-9.765625E-3
4.882812E-3
1.171875E-1
1.367187E-1
1.464844E-2
0.000000E+0
3.417969E-2
8.789062E-2
4.394531E-2
-3.906250E-2
-4.394531E-2
0.000000E+0
-2.441406E-2
-2.929687E-2
-8.789062E-2
-8.789062E-2
-2.441406E-2
-5.371094E-2
-8.789062E-2
-7.324219E-2
-6.347656E-2
-9.765625E-3
-4.394531E-2
-4.882812E-2
-1.464844E-2
0.000000E+0
1.953125E-2
2.441406E-2
1.953125E-2
5.371094E-2
5.859375E-2
5.371094E-2
5.371094E-2
5.859375E-2
6.347656E-2
5.859375E-2
4.394531E-2
3.906250E-2
3.417969E-2
2.441406E-2
9.765625E-3
-9.765625E-3
-1.953125E-2
-2.929687E-2
-3.906250E-2
-5.371094E-2
-5.859375E-2
-5.859375E-2
-6.347656E-2
-6.835937E-2
-6.835937E-2
-5.859375E-2
-4.882812E-2
-3.906250E-2
-3.417969E-2
-2.441406E-2
-4.882812E-3
9.765625E-3
1.953125E-2
2.441406E-2
3.906250E-2
4.882812E-2
5.371094E-2
5.371094E-2
5.859375E-2
5.859375E-2
5.859375E-2
4.882812E-2
3.906250E-2
3.417969E-2
2.441406E-2
1.464844E-2
-4.882812E-3
-1.464844E-2
-2.441406E-2
-3.417969E-2
-4.394531E-2
-5.859375E-2
-5.859375E-2
-5.859375E-2
-6.347656E-2
-6.347656E-2
-5.859375E-2
-4.882812E-2
-3.906250E-2
-3.417969E-2
-2.441406E-2
-9.765625E-3
4.882812E-3
1.464844E-2
2.929687E-2
3.906250E-2
3.906250E-2
5.371094E-2
5.859375E-2
5.859375E-2
5.371094E-2
5.371094E-2
5.371094E-2
4.882812E-2
3.417969E-2
2.441406E-2
1.464844E-2
4.882812E-3
-9.765625E-3
-2.929687E-2
-3.906250E-2
-4.394531E-2
-4.882812E-2
-5.371094E-2
-6.347656E-2
-6.347656E-2
-5.859375E-2
-5.371094E-2
-5.371094E-2
-4.882812E-2
-3.417969E-2
-1.953125E-2
-1.464844E-2
0.000000E+0
9.765625E-3
2.441406E-2
3.417969E-2
4.394531E-2
4.882812E-2
4.882812E-2
5.859375E-2
5.859375E-2
5.371094E-2
4.882812E-2
4.394531E-2
3.906250E-2
2.441406E-2
1.464844E-2
4.882812E-3
-9.765625E-3
-1.953125E-2
-2.929687E-2
-3.906250E-2
-4.882812E-2
-5.371094E-2
-5.859375E-2
-5.859375E-2
-5.859375E-2
-5.859375E-2
-4.882812E-2
-4.394531E-2
-3.906250E-2
-2.929687E-2
-1.464844E-2
-4.882812E-3
9.765625E-3
1.953125E-2
2.929687E-2
3.906250E-2
4.394531E-2
5.371094E-2
5.371094E-2
5.371094E-2
5.371094E-2
5.371094E-2
4.882812E-2
3.417969E-2
2.929687E-2
1.953125E-2
4.882812E-3
-4.882812E-3
-1.464844E-2
-2.441406E-2
-3.906250E-2
-4.394531E-2
-5.371094E-2
-5.371094E-2
-5.859375E-2
-5.859375E-2
-5.859375E-2
-5.371094E-2
-4.394531E-2
-3.906250E-2
-2.929687E-2
-1.953125E-2
-9.765625E-3
4.882812E-3
1.464844E-2
2.441406E-2
3.417969E-2
3.906250E-2
4.882812E-2
4.882812E-2
5.371094E-2
5.371094E-2
4.882812E-2
4.882812E-2
3.906250E-2
2.929687E-2
1.953125E-2
9.765625E-3
0.000000E+0
-1.464844E-2
-2.441406E-2
-3.417969E-2
-3.906250E-2
-4.882812E-2
-5.371094E-2
-5.371094E-2
-5.371094E-2
-5.371094E-2
-5.371094E-2
-4.882812E-2
-3.906250E-2
-2.929687E-2
-1.953125E-2
-9.765625E-3
4.882812E-3
1.464844E-2
2.441406E-2
2.929687E-2
3.417969E-2
4.394531E-2
4.882812E-2
4.882812E-2
5.371094E-2
4.882812E-2
4.882812E-2
3.906250E-2
2.929687E-2
1.464844E-2
1.464844E-2
0.000000E+0
-9.765625E-3
-1.953125E-2
-2.929687E-2
-3.906250E-2
-4.394531E-2
-4.882812E-2
-5.371094E-2
-5.371094E-2
-5.371094E-2
-5.371094E-2
-4.882812E-2
-3.906250E-2
-2.929687E-2
-2.441406E-2
-1.464844E-2
0.000000E+0
9.765625E-3
1.953125E-2
2.929687E-2
3.417969E-2
4.394531E-2
4.882812E-2
4.882812E-2
4.882812E-2
4.882812E-2
4.394531E-2
3.906250E-2
3.417969E-2
2.441406E-2
1.464844E-2
4.882812E-3
-9.765625E-3
-1.464844E-2
-2.441406E-2
-3.417969E-2
-3.906250E-2
-4.394531E-2
-4.882812E-2
-5.371094E-2
-5.371094E-2
-4.882812E-2
-4.882812E-2
-3.906250E-2
-3.417969E-2
-1.953125E-2
-1.464844E-2
-9.765625E-3
4.882812E-3
1.953125E-2
2.441406E-2
2.929687E-2
3.906250E-2
4.394531E-2
4.882812E-2
4.882812E-2
4.882812E-2
4.394531E-2
3.906250E-2
3.417969E-2
2.441406E-2
1.464844E-2
9.765625E-3
0.000000E+0
-1.464844E-2
-2.441406E-2
-2.929687E-2
-3.906250E-2
-4.394531E-2
-4.882812E-2
-5.371094E-2
-5.371094E-2
-4.882812E-2
-4.394531E-2
-3.906250E-2
-3.417969E-2
-2.441406E-2
-1.464844E-2
-9.765625E-3
4.882812E-3
1.464844E-2
1.953125E-2
3.417969E-2
3.417969E-2
3.906250E-2
4.394531E-2
4.882812E-2
4.394531E-2
4.394531E-2
3.906250E-2
3.417969E-2
2.929687E-2
1.953125E-2
9.765625E-3
0.000000E+0
-9.765625E-3
-1.953125E-2
-2.929687E-2
-3.417969E-2
-3.906250E-2
-4.394531E-2
-4.882812E-2
-4.882812E-2
-5.371094E-2
-4.882812E-2
-4.394531E-2
-3.417969E-2
-2.929687E-2
-2.441406E-2
-9.765625E-3
4.882812E-3
9.765625E-3
1.953125E-2
2.929687E-2
3.417969E-2
3.906250E-2
4.394531E-2
4.394531E-2
4.394531E-2
4.394531E-2
4.394531E-2
3.417969E-2
2.929687E-2
1.953125E-2
9.765625E-3
0.000000E+0
-9.765625E-3
-1.953125E-2
-2.929687E-2
-3.417969E-2
-3.906250E-2
-4.394531E-2
-4.882812E-2
-4.882812E-2
-4.882812E-2
-4.394531E-2
-4.394531E-2
-3.906250E-2
-2.929687E-2
-1.953125E-2
-1.464844E-2
0.000000E+0
9.765625E-3
1.953125E-2
2.441406E-2
2.929687E-2
3.906250E-2
4.394531E-2
4.394531E-2
4.394531E-2
4.394531E-2
3.906250E-2
3.417969E-2
2.929687E-2
1.953125E-2
9.765625E-3
4.882812E-3
-4.882812E-3
-1.464844E-2
-1.953125E-2
-2.929687E-2
-3.906250E-2
-3.906250E-2
-4.394531E-2
-4.394531E-2
-4.882812E-2
-4.394531E-2
-4.394531E-2
-3.417969E-2
-2.929687E-2
-1.953125E-2
-1.464844E-2
-4.882812E-3
4.882812E-3
1.464844E-2
2.441406E-2
2.929687E-2
3.417969E-2
3.906250E-2
3.906250E-2
4.394531E-2
3.906250E-2
3.906250E-2
3.906250E-2
2.929687E-2
1.953125E-2
1.464844E-2
4.882812E-3
-4.882812E-3
-1.464844E-2
-1.953125E-2
-2.441406E-2
-3.417969E-2
-3.906250E-2
-3.906250E-2
-4.882812E-2
-4.394531E-2
-4.394531E-2
-3.906250E-2
-3.417969E-2
-2.929687E-2
-2.441406E-2
-1.464844E-2
-4.882812E-3
4.882812E-3
9.765625E-3
1.953125E-2
2.929687E-2
3.417969E-2
3.417969E-2
3.906250E-2
3.906250E-2
3.906250E-2
3.906250E-2
3.417969E-2
2.929687E-2
2.441406E-2
1.464844E-2
9.765625E-3
0.000000E+0
-9.765625E-3
-1.464844E-2
-2.441406E-2
-3.417969E-2
-3.906250E-2
-3.906250E-2
-4.394531E-2
-4.394531E-2
-3.906250E-2
-3.906250E-2
-3.906250E-2
-2.929687E-2
-2.441406E-2
-1.953125E-2
-9.765625E-3
0.000000E+0
9.765625E-3
1.464844E-2
2.441406E-2
2.929687E-2
3.417969E-2
3.906250E-2
3.417969E-2
3.906250E-2
3.906250E-2
3.417969E-2
2.929687E-2
2.441406E-2
1.953125E-2
9.765625E-3
4.882812E-3
-9.765625E-3
-1.464844E-2
-1.953125E-2
-2.929687E-2
-3.417969E-2
-3.906250E-2
-3.906250E-2
-4.394531E-2
-4.394531E-2
-3.906250E-2
-3.417969E-2
-2.929687E-2
-2.441406E-2
-1.953125E-2
-9.765625E-3
0.000000E+0
9.765625E-3
1.464844E-2
1.953125E-2
2.929687E-2
3.417969E-2
3.906250E-2
3.906250E-2
3.906250E-2
3.906250E-2
3.417969E-2
2.929687E-2
2.441406E-2
1.464844E-2
9.765625E-3
4.882812E-3
-4.882812E-3
-1.464844E-2
-1.953125E-2
-2.441406E-2
-3.417969E-2
-3.906250E-2
-3.906250E-2
-3.906250E-2
-3.906250E-2
-3.906250E-2
-3.417969E-2
-2.929687E-2
-2.929687E-2
-2.441406E-2
-1.464844E-2
-4.882812E-3
4.882812E-3
1.464844E-2
1.953125E-2
2.441406E-2
2.929687E-2
3.417969E-2
3.417969E-2
3.906250E-2
3.417969E-2
3.417969E-2
2.929687E-2
2.929687E-2
1.953125E-2
1.464844E-2
4.882812E-3
-4.882812E-3
-9.765625E-3
-1.953125E-2
-2.441406E-2
-2.929687E-2
-3.417969E-2
-3.906250E-2
-3.906250E-2
-3.906250E-2
-3.906250E-2
-3.417969E-2
-2.929687E-2
-2.929687E-2
-1.953125E-2
-1.464844E-2
-9.765625E-3
0.000000E+0
9.765625E-3
1.464844E-2
2.441406E-2
2.929687E-2
2.929687E-2
3.417969E-2
3.417969E-2
3.417969E-2
3.906250E-2
2.929687E-2
2.441406E-2
1.953125E-2
1.464844E-2
4.882812E-3
0.000000E+0
-9.765625E-3
-1.464844E-2
-1.953125E-2
-2.929687E-2
-3.417969E-2
-3.417969E-2
-3.906250E-2
-3.906250E-2
-3.906250E-2
-3.417969E-2
-2.929687E-2
-2.441406E-2
-1.953125E-2
-1.464844E-2
-9.765625E-3
0.000000E+0
4.882812E-3
1.464844E-2
1.953125E-2
2.441406E-2
2.929687E-2
3.417969E-2
3.417969E-2
3.417969E-2
3.417969E-2
2.929687E-2
2.929687E-2
2.441406E-2
1.464844E-2
9.765625E-3
0.000000E+0
-9.765625E-3
-1.953125E-2
-2.441406E-2
-2.441406E-2
-2.929687E-2
-3.417969E-2
-3.906250E-2
-3.906250E-2
-3.906250E-2
-3.417969E-2
-2.929687E-2
-2.441406E-2
-2.441406E-2
-1.464844E-2
-9.765625E-3
0.000000E+0
4.882812E-3
1.464844E-2
1.953125E-2
2.441406E-2
2.929687E-2
2.929687E-2
2.929687E-2
2.929687E-2
3.417969E-2
2.929687E-2
2.929687E-2
2.441406E-2
1.464844E-2
9.765625E-3
4.882812E-3
-9.765625E-3
-1.464844E-2
-1.953125E-2
-2.441406E-2
-2.929687E-2
-3.417969E-2
-3.417969E-2
-3.417969E-2
-3.417969E-2
-3.417969E-2
-2.929687E-2
-2.929687E-2
-1.953125E-2
-1.953125E-2
-9.765625E-3
-4.882812E-3
0.000000E+0
9.765625E-3
1.464844E-2
2.441406E-2
2.929687E-2
2.929687E-2
2.929687E-2
3.417969E-2
2.929687E-2
2.929687E-2
2.441406E-2
2.441406E-2
1.464844E-2
9.765625E-3
4.882812E-3
0.000000E+0
-9.765625E-3
-1.464844E-2
-1.953125E-2
-2.441406E-2
-2.929687E-2
-3.417969E-2
-3.417969E-2
-3.417969E-2
-3.417969E-2
-3.417969E-2
-2.929687E-2
-2.441406E-2
-1.953125E-2
-9.765625E-3
-4.882812E-3
0.000000E+0
9.765625E-3
1.464844E-2
1.953125E-2
2.441406E-2
2.929687E-2
2.929687E-2
3.417969E-2
3.417969E-2
2.929687E-2
2.441406E-2
1.953125E-2
1.464844E-2
9.765625E-3
4.882812E-3
0.000000E+0
-9.765625E-3
-1.464844E-2
-1.953125E-2
-2.441406E-2
-2.929687E-2
-2.929687E-2
-2.929687E-2
-3.417969E-2
-3.417969E-2
-3.417969E-2
-2.929687E-2
-2.441406E-2
-1.953125E-2
-1.464844E-2
-9.765625E-3
0.000000E+0
4.882812E-3
1.464844E-2
1.953125E-2
2.441406E-2
2.441406E-2
2.929687E-2
2.929687E-2
2.929687E-2
2.929687E-2
2.441406E-2
1.953125E-2
1.953125E-2
1.464844E-2
4.882812E-3
4.882812E-3
-9.765625E-3
-1.464844E-2
-1.953125E-2
-2.441406E-2
-2.441406E-2
-2.929687E-2
-3.417969E-2
-3.417969E-2
-3.417969E-2
-3.417969E-2
-2.441406E-2
-2.441406E-2
-1.953125E-2
-1.464844E-2
-9.765625E-3
0.000000E+0
4.882812E-3
9.765625E-3
1.464844E-2
1.953125E-2
2.441406E-2
2.929687E-2
2.929687E-2
2.929687E-2
2.441406E-2
2.441406E-2
2.441406E-2
1.953125E-2
1.464844E-2
9.765625E-3
4.882812E-3
-4.882812E-3
-9.765625E-3
-1.464844E-2
-1.953125E-2
-2.441406E-2
-2.929687E-2
-2.929687E-2
-3.417969E-2
-3.417969E-2
-2.929687E-2
-2.929687E-2
-1.953125E-2
-1.953125E-2
-1.953125E-2
-9.765625E-3
-4.882812E-3
4.882812E-3
9.765625E-3
1.464844E-2
1.953125E-2
2.441406E-2
2.441406E-2
2.929687E-2
2.929687E-2
2.929687E-2
2.441406E-2
2.441406E-2
1.464844E-2
1.464844E-2
4.882812E-3
4.882812E-3
0.000000E+0
-9.765625E-3
-1.464844E-2
-1.953125E-2
-2.441406E-2
-2.929687E-2
-2.929687E-2
-2.929687E-2
-3.417969E-2
-2.929687E-2
-2.929687E-2
-2.441406E-2
-1.953125E-2
-1.464844E-2
-9.765625E-3
-4.882812E-3
0.000000E+0
4.882812E-3
9.765625E-3
1.953125E-2
1.953125E-2
2.441406E-2
2.441406E-2
2.929687E-2
2.929687E-2
2.441406E-2
1.953125E-2
1.953125E-2
1.464844E-2
9.765625E-3
0.000000E+0
0.000000E+0
-9.765625E-3
-1.464844E-2
-1.953125E-2
-2.441406E-2
-2.441406E-2
-2.929687E-2
-2.929687E-2
-2.929687E-2
-2.929687E-2
-2.929687E-2
-2.441406E-2
-2.441406E-2
-1.464844E-2
-9.765625E-3
-4.882812E-3
0.000000E+0
4.882812E-3
1.464844E-2
1.953125E-2
1.953125E-2
2.441406E-2
2.441406E-2
2.441406E-2
2.441406E-2
2.441406E-2
2.441406E-2
1.953125E-2
1.464844E-2
9.765625E-3
4.882812E-3
0.000000E+0
-4.882812E-3
-9.765625E-3
-1.464844E-2
-1.953125E-2
-2.441406E-2
-2.929687E-2
-2.929687E-2
-2.929687E-2
-2.929687E-2
-2.929687E-2
-2.441406E-2
-1.953125E-2
-1.464844E-2
-1.464844E-2
-9.765625E-3
0.000000E+0
4.882812E-3
9.765625E-3
1.464844E-2
1.953125E-2
1.953125E-2
2.441406E-2
2.441406E-2
2.441406E-2
2.441406E-2
1.953125E-2
1.953125E-2
1.953125E-2
9.765625E-3
9.765625E-3
0.000000E+0
-4.882812E-3
-1.464844E-2
-1.464844E-2
-1.953125E-2
-2.441406E-2
-2.441406E-2
-2.929687E-2
-2.441406E-2
-2.441406E-2
-2.441406E-2
-2.441406E-2
-2.441406E-2
-1.953125E-2
-1.464844E-2
-9.765625E-3
0.000000E+0
4.882812E-3
9.765625E-3
1.464844E-2
1.953125E-2
1.953125E-2
1.953125E-2
1.953125E-2
2.441406E-2
2.441406E-2
1.953125E-2
1.953125E-2
1.464844E-2
9.765625E-3
9.765625E-3
4.882812E-3
-4.882812E-3
-9.765625E-3
-1.464844E-2
-1.464844E-2
-1.953125E-2
-2.441406E-2
-2.441406E-2
-2.929687E-2
-2.929687E-2
-2.441406E-2
-2.441406E-2
-1.953125E-2
-1.953125E-2
-1.464844E-2
-9.765625E-3
-4.882812E-3
4.882812E-3
4.882812E-3
1.464844E-2
1.464844E-2
1.953125E-2
1.953125E-2
1.953125E-2
2.441406E-2
1.953125E-2
1.953125E-2
1.953125E-2
1.464844E-2
1.464844E-2
9.765625E-3
4.882812E-3
-4.882812E-3
-9.765625E-3
-9.765625E-3
-1.953125E-2
-1.953125E-2
-1.953125E-2
-2.441406E-2
-2.441406E-2
-2.929687E-2
-2.929687E-2
-2.441406E-2
-1.953125E-2
-1.953125E-2
-9.765625E-3
-9.765625E-3
0.000000E+0
0.000000E+0
4.882812E-3
4.882812E-3
1.464844E-2
1.953125E-2
1.953125E-2
1.953125E-2
1.953125E-2
1.953125E-2
2.441406E-2
1.953125E-2
1.464844E-2
9.765625E-3
4.882812E-3
4.882812E-3
0.000000E+0
-9.765625E-3
-9.765625E-3
-1.464844E-2
-1.953125E-2
-1.953125E-2
-2.441406E-2
-2.929687E-2
-2.441406E-2
-2.441406E-2
-2.441406E-2
-2.441406E-2
-1.953125E-2
-1.464844E-2
-9.765625E-3
-4.882812E-3
0.000000E+0
4.882812E-3
4.882812E-3
9.765625E-3
1.464844E-2
1.953125E-2
1.953125E-2
