VirtualBench-DSA 2.5 Waveform File
X0: 0.000000E+0	Delta-X: Inf
3.802776E-2
3.830596E-3
6.366717E-3
8.161631E-3
7.835869E-3
5.901158E-3
4.340775E-3
1.103971E-3
1.161970E-3
2.276479E-3
3.703160E-3
3.434202E-3
3.543139E-3
3.624261E-3
3.888219E-3
4.898726E-3
5.030863E-3
5.046245E-3
4.328779E-3
3.639630E-3
4.010526E-3
4.128922E-3
4.648559E-3
4.251031E-3
3.738547E-3
3.157870E-3
2.912198E-3
2.822595E-3
2.574907E-3
1.818468E-3
6.571352E-4
5.365416E-4
2.003176E-3
2.493548E-3
3.088005E-3
3.309828E-3
3.937271E-3
4.603661E-3
4.889933E-3
5.149614E-3
4.526535E-3
3.851299E-3
3.343989E-3
3.024414E-3
2.714955E-3
2.092272E-3
1.252046E-3
7.438284E-4
1.182704E-3
1.846362E-3
1.736095E-3
1.935324E-3
2.045394E-3
2.358734E-3
2.385064E-3
2.590399E-3
2.487189E-3
2.513991E-3
2.845495E-3
3.201906E-3
3.427578E-3
3.400113E-3
3.275813E-3
2.809506E-3
2.963829E-3
2.483959E-3
2.244244E-3
1.713510E-3
8.107601E-4
4.476785E-4
7.054215E-4
1.104050E-3
1.689809E-3
2.181345E-3
2.415678E-3
3.078543E-3
3.203667E-3
3.142926E-3
3.256147E-3
2.852148E-3
2.750068E-3
2.498353E-3
2.495319E-3
2.052848E-3
1.733075E-3
1.158810E-3
1.268071E-3
9.671363E-4
1.093558E-3
7.656254E-4
6.702768E-4
9.466610E-4
1.412282E-3
1.609771E-3
1.859411E-3
2.104686E-3
2.501169E-3
2.828922E-3
2.831321E-3
2.901424E-3
2.760449E-3
2.679282E-3
2.500849E-3
2.131820E-3
1.953448E-3
1.167949E-3
7.996547E-4
5.384985E-4
1.029420E-3
1.375535E-3
1.678208E-3
2.184317E-3
2.402584E-3
2.754188E-3
2.784815E-3
2.715677E-3
2.869475E-3
2.697170E-3
2.737822E-3
2.616963E-3
2.424559E-3
2.348116E-3
2.060221E-3
1.791975E-3
1.937046E-3
1.802602E-3
1.750234E-3
1.282882E-3
1.440932E-3
1.065573E-3
1.086963E-3
1.282998E-3
1.571079E-3
1.714454E-3
2.098482E-3
2.292360E-3
2.159901E-3
2.425094E-3
2.224003E-3
2.098762E-3
2.186046E-3
1.876260E-3
1.606911E-3
1.281584E-3
9.947441E-4
8.212386E-4
8.774587E-4
9.284765E-4
1.100903E-3
1.335338E-3
1.433370E-3
1.655380E-3
1.504291E-3
1.526019E-3
1.451876E-3
1.265375E-3
1.593153E-3
1.419654E-3
1.434025E-3
1.600676E-3
1.622593E-3
1.703307E-3
1.760339E-3
1.723833E-3
1.677038E-3
1.319233E-3
1.323038E-3
1.084156E-3
1.156423E-3
1.248855E-3
1.187824E-3
1.276544E-3
1.690126E-3
1.716737E-3
2.032493E-3
2.042044E-3
2.002259E-3
1.863864E-3
1.814578E-3
1.906327E-3
1.749359E-3
1.667329E-3
1.423034E-3
1.340749E-3
1.368878E-3
1.347335E-3
1.392736E-3
1.251493E-3
1.279467E-3
1.118857E-3
1.034157E-3
1.071479E-3
1.087118E-3
9.328629E-4
1.263156E-3
1.124716E-3
1.485232E-3
1.390041E-3
1.531347E-3
1.598927E-3
1.706498E-3
1.566961E-3
1.364097E-3
1.302085E-3
9.832593E-4
9.266559E-4
6.169548E-4
4.811097E-4
3.915128E-4
5.920669E-4
6.992119E-4
8.679206E-4
8.139081E-4
8.586668E-4
9.929646E-4
9.726864E-4
1.007006E-3
8.414213E-4
9.304071E-4
3.216674E-4
6.881802E-4
7.762517E-4
5.747519E-4
1.146416E-3
3.023060E-4
2.679917E-4
1.405729E-4
3.219633E-4
3.602599E-5
1.663283E-4
3.122248E-4
4.441371E-4
7.604830E-4
7.834103E-4
1.046178E-3
8.460590E-4
8.891664E-4
8.561964E-4
7.310408E-4
6.970517E-4
5.680050E-4
3.583225E-4
2.545923E-4
1.351983E-4
2.307262E-4
2.967903E-4
2.958609E-4
4.836045E-4
6.354501E-4
6.912771E-4
7.580679E-4
7.179576E-4
5.609906E-4
6.085586E-4
3.964110E-4
6.740940E-4
4.523674E-4
4.124138E-4
3.246552E-4
2.716875E-4
4.419740E-4
2.425059E-4
1.599271E-4
1.027951E-4
2.068652E-4
3.110655E-4
3.078803E-4
4.375214E-4
5.452235E-4
4.682452E-4
7.198012E-4
6.221737E-4
7.974381E-4
8.035334E-4
7.224631E-4
4.971279E-4
4.672728E-4
4.244177E-4
2.658630E-4
3.595471E-4
5.093206E-4
5.163562E-4
6.464810E-4
6.888669E-4
5.794489E-4
8.307766E-4
8.682218E-4
9.556141E-4
1.039187E-3
8.288999E-4
8.954395E-4
1.027249E-3
7.862060E-4
1.029673E-3
7.510547E-4
9.449440E-4
7.489239E-4
7.589056E-4
6.817237E-4
5.472920E-4
7.372035E-4
5.138970E-4
4.884739E-4
4.877585E-4
7.347274E-4
8.710754E-4
1.042368E-3
1.102170E-3
9.500228E-4
1.095419E-3
1.015088E-3
1.118922E-3
9.160094E-4
8.690882E-4
8.658999E-4
5.924038E-4
7.298321E-4
7.373644E-4
4.921167E-4
6.493442E-4
6.742669E-4
8.449717E-4
7.308537E-4
7.929827E-4
8.037382E-4
9.283678E-4
1.077206E-3
8.820162E-4
9.680450E-4
9.219785E-4
1.111194E-3
1.020322E-3
9.964409E-4
8.173937E-4
9.233532E-4
7.799074E-4
7.968558E-4
7.678142E-4
6.992238E-4
6.874029E-4
5.887210E-4
5.494334E-4
6.407644E-4
6.703207E-4
3.441393E-4
7.324899E-4
7.780951E-4
8.742334E-4
9.282691E-4
6.810545E-4
4.376028E-4
3.795281E-4
5.250158E-4
6.093610E-4
6.333863E-4
8.137254E-4
3.477204E-4
3.940204E-4
3.291002E-4
3.247178E-4
4.333556E-4
8.687414E-5
5.396900E-4
2.511614E-4
5.487220E-4
4.668886E-4
1.878523E-4
6.167853E-4
3.343936E-4
6.257148E-4
6.429219E-4
5.146433E-4
4.620297E-4
5.843955E-4
3.084446E-4
3.189929E-4
4.566637E-4
2.356485E-4
3.422320E-4
1.428261E-4
3.760065E-4
1.126962E-4
3.983143E-4
2.581995E-4
2.865813E-4
3.575393E-4
4.071404E-4
3.546189E-4
4.490599E-4
2.253518E-4
4.524868E-4
3.235378E-4
2.020893E-4
2.241862E-4
2.073979E-4
1.861992E-4
1.963443E-4
1.923751E-4
2.331427E-4
1.479280E-4
2.696206E-4
