VirtualBench-DSA 2.5 Waveform File
X0: 0.000000E+0	Delta-X: 9.765500E-4
-2.343750E-1
1.611328E-1
3.613281E-1
-7.812500E-2
-2.539062E-1
-1.416016E-1
-1.367187E-1
1.025391E-1
-2.343750E-1
-3.515625E-1
-2.148437E-1
-5.859375E-2
1.464844E-2
-1.757812E-1
-3.027344E-1
9.277344E-2
2.929687E-1
3.564453E-1
-5.371094E-2
-1.220703E-1
-1.025391E-1
1.220703E-1
2.246094E-1
4.394531E-2
-1.025391E-1
4.882812E-2
2.099609E-1
1.464844E-1
-2.441406E-2
-7.812500E-2
9.277344E-2
1.513672E-1
9.765625E-3
-6.835937E-2
-6.835937E-2
4.882812E-2
4.394531E-2
-7.812500E-2
-1.269531E-1
-7.812500E-2
3.417969E-2
-2.929687E-2
-1.074219E-1
-1.123047E-1
-4.882812E-2
-1.464844E-2
-3.906250E-2
-6.835937E-2
-4.394531E-2
1.464844E-2
3.417969E-2
1.953125E-2
0.000000E+0
3.906250E-2
7.812500E-2
6.835937E-2
4.882812E-2
4.882812E-2
7.324219E-2
8.300781E-2
5.859375E-2
2.929687E-2
3.417969E-2
3.906250E-2
2.929687E-2
-4.882812E-3
-3.417969E-2
-1.464844E-2
-2.441406E-2
-4.394531E-2
-6.347656E-2
-6.835937E-2
-6.347656E-2
-5.859375E-2
-6.835937E-2
-6.835937E-2
-5.859375E-2
-4.882812E-2
-3.417969E-2
-2.441406E-2
-1.953125E-2
-4.882812E-3
1.464844E-2
2.929687E-2
3.906250E-2
4.394531E-2
4.882812E-2
5.859375E-2
6.347656E-2
6.347656E-2
5.859375E-2
5.371094E-2
4.882812E-2
4.882812E-2
3.417969E-2
1.464844E-2
0.000000E+0
-9.765625E-3
-1.953125E-2
-2.929687E-2
-4.394531E-2
-5.859375E-2
-5.859375E-2
-5.859375E-2
-6.835937E-2
-6.835937E-2
-6.347656E-2
-5.859375E-2
-4.394531E-2
-3.906250E-2
-3.417969E-2
-1.953125E-2
-4.882812E-3
1.464844E-2
2.441406E-2
2.929687E-2
3.906250E-2
5.371094E-2
5.859375E-2
5.859375E-2
5.859375E-2
5.859375E-2
5.859375E-2
4.882812E-2
3.906250E-2
2.929687E-2
1.953125E-2
1.464844E-2
-4.882812E-3
-1.953125E-2
-3.417969E-2
-3.417969E-2
-4.394531E-2
-5.371094E-2
-6.347656E-2
-6.835937E-2
-6.347656E-2
-5.859375E-2
-5.859375E-2
-5.371094E-2
-4.394531E-2
-2.929687E-2
-1.953125E-2
-9.765625E-3
4.882812E-3
1.953125E-2
2.929687E-2
3.906250E-2
4.394531E-2
5.371094E-2
5.859375E-2
5.859375E-2
5.859375E-2
5.371094E-2
4.882812E-2
4.394531E-2
3.906250E-2
2.441406E-2
9.765625E-3
0.000000E+0
-9.765625E-3
-2.441406E-2
-3.417969E-2
-4.394531E-2
-4.882812E-2
-5.859375E-2
-5.859375E-2
-5.859375E-2
-6.347656E-2
-5.859375E-2
-5.371094E-2
-4.394531E-2
-3.417969E-2
-2.441406E-2
-1.464844E-2
0.000000E+0
9.765625E-3
2.441406E-2
3.417969E-2
4.394531E-2
4.882812E-2
4.882812E-2
5.859375E-2
5.859375E-2
5.371094E-2
4.882812E-2
4.394531E-2
3.906250E-2
2.929687E-2
1.953125E-2
4.882812E-3
-9.765625E-3
-2.441406E-2
-3.417969E-2
-3.906250E-2
-4.882812E-2
-5.371094E-2
-5.859375E-2
-5.859375E-2
-5.859375E-2
-5.859375E-2
-5.371094E-2
-4.394531E-2
-3.906250E-2
-2.929687E-2
-1.464844E-2
-4.882812E-3
4.882812E-3
1.953125E-2
2.929687E-2
3.906250E-2
4.394531E-2
4.882812E-2
5.371094E-2
5.859375E-2
5.371094E-2
5.371094E-2
4.394531E-2
3.906250E-2
2.929687E-2
1.953125E-2
9.765625E-3
-4.882812E-3
-1.464844E-2
-2.441406E-2
-3.417969E-2
-3.906250E-2
-4.882812E-2
-5.371094E-2
-5.859375E-2
-5.859375E-2
-5.859375E-2
-5.371094E-2
-4.882812E-2
-3.906250E-2
-2.929687E-2
-1.953125E-2
-9.765625E-3
4.882812E-3
1.464844E-2
2.441406E-2
3.417969E-2
3.906250E-2
4.882812E-2
5.371094E-2
5.371094E-2
5.371094E-2
5.371094E-2
4.394531E-2
3.906250E-2
2.929687E-2
2.441406E-2
1.464844E-2
0.000000E+0
-9.765625E-3
-1.953125E-2
-2.929687E-2
-3.906250E-2
-4.882812E-2
-5.371094E-2
-5.371094E-2
-5.371094E-2
-5.371094E-2
-5.371094E-2
-4.882812E-2
-4.394531E-2
-3.417969E-2
-2.441406E-2
-1.464844E-2
0.000000E+0
9.765625E-3
1.953125E-2
2.929687E-2
3.906250E-2
4.394531E-2
4.882812E-2
5.371094E-2
5.371094E-2
4.882812E-2
4.394531E-2
3.906250E-2
3.417969E-2
2.441406E-2
1.464844E-2
4.882812E-3
-9.765625E-3
-1.953125E-2
-2.929687E-2
-3.906250E-2
-4.394531E-2
-4.882812E-2
-4.882812E-2
-5.371094E-2
-5.371094E-2
-5.371094E-2
-4.882812E-2
-4.394531E-2
-3.417969E-2
-2.441406E-2
-1.464844E-2
-4.882812E-3
9.765625E-3
1.953125E-2
2.441406E-2
3.417969E-2
3.906250E-2
4.882812E-2
4.882812E-2
4.882812E-2
4.882812E-2
4.882812E-2
3.906250E-2
3.417969E-2
2.441406E-2
1.953125E-2
9.765625E-3
0.000000E+0
-1.464844E-2
-2.441406E-2
-2.929687E-2
-3.906250E-2
-4.394531E-2
-4.882812E-2
-5.371094E-2
-5.371094E-2
-4.882812E-2
-4.882812E-2
-4.394531E-2
-3.417969E-2
-2.929687E-2
-1.953125E-2
-1.464844E-2
0.000000E+0
1.464844E-2
2.441406E-2
2.929687E-2
3.906250E-2
4.394531E-2
4.394531E-2
4.882812E-2
4.882812E-2
4.394531E-2
4.394531E-2
3.906250E-2
2.929687E-2
2.441406E-2
1.464844E-2
0.000000E+0
-9.765625E-3
-1.953125E-2
-2.929687E-2
-3.906250E-2
-4.394531E-2
-4.882812E-2
-4.882812E-2
-5.371094E-2
-4.882812E-2
-4.882812E-2
-4.394531E-2
-3.417969E-2
-2.929687E-2
-1.953125E-2
-1.464844E-2
0.000000E+0
9.765625E-3
1.464844E-2
2.441406E-2
3.417969E-2
4.394531E-2
3.906250E-2
4.394531E-2
4.882812E-2
4.882812E-2
4.394531E-2
3.906250E-2
3.417969E-2
2.441406E-2
1.464844E-2
4.882812E-3
-9.765625E-3
-1.953125E-2
-2.929687E-2
-3.417969E-2
-3.906250E-2
-4.394531E-2
-4.882812E-2
-4.882812E-2
-4.882812E-2
-4.882812E-2
-4.882812E-2
-3.906250E-2
-3.417969E-2
-2.441406E-2
-1.464844E-2
-4.882812E-3
4.882812E-3
1.464844E-2
2.441406E-2
3.417969E-2
3.906250E-2
3.906250E-2
4.394531E-2
4.394531E-2
4.394531E-2
4.394531E-2
3.906250E-2
3.417969E-2
2.441406E-2
1.953125E-2
9.765625E-3
0.000000E+0
-1.464844E-2
-1.953125E-2
-2.929687E-2
-3.417969E-2
-3.906250E-2
-4.394531E-2
-4.882812E-2
-4.882812E-2
-4.882812E-2
-4.394531E-2
-3.906250E-2
-3.417969E-2
-2.441406E-2
-1.464844E-2
-9.765625E-3
0.000000E+0
9.765625E-3
1.953125E-2
2.929687E-2
3.417969E-2
3.906250E-2
4.394531E-2
4.394531E-2
4.394531E-2
3.906250E-2
3.906250E-2
2.929687E-2
2.441406E-2
1.953125E-2
9.765625E-3
0.000000E+0
-9.765625E-3
-1.953125E-2
-2.441406E-2
-3.417969E-2
-3.906250E-2
-3.906250E-2
-4.394531E-2
-4.882812E-2
-4.882812E-2
-4.394531E-2
-3.906250E-2
-3.417969E-2
-2.929687E-2
-1.953125E-2
-1.464844E-2
0.000000E+0
4.882812E-3
1.464844E-2
2.441406E-2
2.929687E-2
3.417969E-2
3.906250E-2
4.394531E-2
4.394531E-2
3.906250E-2
3.906250E-2
3.417969E-2
2.929687E-2
1.953125E-2
1.464844E-2
4.882812E-3
-9.765625E-3
-1.464844E-2
-1.953125E-2
-2.929687E-2
-3.417969E-2
-3.417969E-2
-4.394531E-2
-4.882812E-2
-4.394531E-2
-4.394531E-2
-3.906250E-2
-3.417969E-2
-2.929687E-2
-1.953125E-2
-1.464844E-2
-4.882812E-3
0.000000E+0
1.464844E-2
1.953125E-2
2.441406E-2
3.417969E-2
3.417969E-2
4.394531E-2
3.906250E-2
3.906250E-2
3.906250E-2
3.417969E-2
2.929687E-2
2.441406E-2
1.464844E-2
9.765625E-3
0.000000E+0
-1.464844E-2
-1.953125E-2
-2.441406E-2
-3.417969E-2
-3.906250E-2
-3.906250E-2
-3.906250E-2
-4.394531E-2
-4.394531E-2
-3.906250E-2
-3.417969E-2
-2.929687E-2
-2.441406E-2
-1.464844E-2
-4.882812E-3
4.882812E-3
9.765625E-3
1.464844E-2
2.441406E-2
2.929687E-2
3.417969E-2
3.906250E-2
3.906250E-2
3.906250E-2
3.906250E-2
3.417969E-2
2.929687E-2
1.953125E-2
1.953125E-2
9.765625E-3
0.000000E+0
-9.765625E-3
-1.464844E-2
-2.441406E-2
-2.929687E-2
-3.417969E-2
-3.906250E-2
-4.394531E-2
-4.394531E-2
-4.394531E-2
-3.906250E-2
-3.417969E-2
-2.929687E-2
-2.441406E-2
-1.953125E-2
-9.765625E-3
0.000000E+0
4.882812E-3
1.464844E-2
1.953125E-2
2.929687E-2
2.929687E-2
3.417969E-2
3.906250E-2
3.906250E-2
3.417969E-2
3.417969E-2
2.929687E-2
2.441406E-2
1.953125E-2
9.765625E-3
4.882812E-3
-4.882812E-3
-9.765625E-3
-1.953125E-2
-2.929687E-2
-3.417969E-2
-3.906250E-2
-3.906250E-2
-3.906250E-2
-3.906250E-2
-3.906250E-2
-3.417969E-2
-2.929687E-2
-2.441406E-2
-1.953125E-2
-1.464844E-2
-4.882812E-3
4.882812E-3
9.765625E-3
1.953125E-2
2.441406E-2
2.929687E-2
2.929687E-2
3.417969E-2
3.417969E-2
3.906250E-2
3.417969E-2
2.929687E-2
2.441406E-2
1.953125E-2
1.464844E-2
4.882812E-3
-4.882812E-3
-9.765625E-3
-1.953125E-2
-2.441406E-2
-2.929687E-2
-3.417969E-2
-3.906250E-2
-3.906250E-2
-3.906250E-2
-3.906250E-2
-3.906250E-2
-3.417969E-2
-2.929687E-2
-1.953125E-2
-9.765625E-3
-4.882812E-3
0.000000E+0
9.765625E-3
1.464844E-2
1.953125E-2
2.441406E-2
2.929687E-2
3.417969E-2
3.417969E-2
3.417969E-2
3.417969E-2
2.929687E-2
2.441406E-2
1.953125E-2
1.464844E-2
4.882812E-3
0.000000E+0
-9.765625E-3
-1.464844E-2
-1.953125E-2
-2.929687E-2
-2.929687E-2
-3.417969E-2
-3.906250E-2
-3.906250E-2
-3.906250E-2
-3.417969E-2
-3.417969E-2
-2.929687E-2
-2.441406E-2
-1.464844E-2
-9.765625E-3
0.000000E+0
4.882812E-3
1.464844E-2
1.953125E-2
2.441406E-2
2.929687E-2
2.929687E-2
2.929687E-2
3.417969E-2
3.417969E-2
2.929687E-2
2.441406E-2
1.953125E-2
1.464844E-2
9.765625E-3
4.882812E-3
-4.882812E-3
-9.765625E-3
-1.464844E-2
-2.441406E-2
-2.929687E-2
-3.417969E-2
-3.906250E-2
-3.906250E-2
-3.417969E-2
-3.417969E-2
-3.417969E-2
-2.929687E-2
-2.441406E-2
-1.953125E-2
-9.765625E-3
-4.882812E-3
4.882812E-3
9.765625E-3
1.464844E-2
2.441406E-2
2.441406E-2
2.929687E-2
2.929687E-2
2.929687E-2
2.929687E-2
2.929687E-2
2.929687E-2
1.953125E-2
1.464844E-2
9.765625E-3
4.882812E-3
-4.882812E-3
-9.765625E-3
-1.464844E-2
-1.953125E-2
-2.929687E-2
-2.929687E-2
-3.417969E-2
-3.417969E-2
-3.417969E-2
-3.417969E-2
-3.417969E-2
-3.417969E-2
-2.441406E-2
-1.953125E-2
-1.464844E-2
-4.882812E-3
0.000000E+0
9.765625E-3
1.464844E-2
1.953125E-2
2.441406E-2
2.441406E-2
2.929687E-2
2.929687E-2
2.929687E-2
2.929687E-2
2.929687E-2
2.441406E-2
1.953125E-2
1.464844E-2
9.765625E-3
0.000000E+0
-9.765625E-3
-1.464844E-2
-1.953125E-2
-2.441406E-2
-2.929687E-2
-2.929687E-2
-3.417969E-2
-3.906250E-2
-3.417969E-2
-2.929687E-2
-2.929687E-2
-2.441406E-2
-1.953125E-2
-1.464844E-2
-9.765625E-3
0.000000E+0
4.882812E-3
1.464844E-2
1.953125E-2
1.953125E-2
2.441406E-2
2.929687E-2
2.929687E-2
3.417969E-2
2.929687E-2
2.441406E-2
1.953125E-2
1.953125E-2
1.464844E-2
4.882812E-3
4.882812E-3
-4.882812E-3
-1.464844E-2
-1.464844E-2
-2.441406E-2
-2.929687E-2
-3.417969E-2
-3.417969E-2
-3.417969E-2
-3.417969E-2
-3.417969E-2
-2.929687E-2
-2.441406E-2
-1.953125E-2
-1.464844E-2
-9.765625E-3
-4.882812E-3
4.882812E-3
9.765625E-3
1.464844E-2
1.953125E-2
2.441406E-2
2.441406E-2
2.929687E-2
2.929687E-2
2.929687E-2
2.441406E-2
1.953125E-2
1.953125E-2
1.464844E-2
9.765625E-3
4.882812E-3
-4.882812E-3
-9.765625E-3
-1.464844E-2
-1.953125E-2
-2.441406E-2
-2.929687E-2
-2.929687E-2
-2.929687E-2
-3.417969E-2
-2.929687E-2
-2.929687E-2
-2.929687E-2
-1.953125E-2
-1.464844E-2
-9.765625E-3
-4.882812E-3
0.000000E+0
9.765625E-3
1.464844E-2
1.953125E-2
2.441406E-2
2.441406E-2
2.441406E-2
2.441406E-2
2.441406E-2
2.441406E-2
2.441406E-2
1.953125E-2
1.464844E-2
9.765625E-3
4.882812E-3
0.000000E+0
-9.765625E-3
-1.464844E-2
-1.953125E-2
-1.953125E-2
-2.441406E-2
-2.929687E-2
-2.929687E-2
-3.417969E-2
-2.929687E-2
-2.929687E-2
-2.929687E-2
-2.441406E-2
-1.953125E-2
-9.765625E-3
-9.765625E-3
0.000000E+0
4.882812E-3
1.464844E-2
1.464844E-2
1.953125E-2
2.441406E-2
2.441406E-2
2.441406E-2
2.441406E-2
2.441406E-2
2.441406E-2
1.953125E-2
1.464844E-2
9.765625E-3
4.882812E-3
0.000000E+0
-9.765625E-3
-9.765625E-3
-1.953125E-2
-1.953125E-2
-2.441406E-2
-2.441406E-2
-2.929687E-2
-3.417969E-2
-2.929687E-2
-2.929687E-2
-2.441406E-2
-1.953125E-2
-1.953125E-2
-1.464844E-2
-9.765625E-3
-4.882812E-3
4.882812E-3
9.765625E-3
1.464844E-2
1.953125E-2
1.953125E-2
2.441406E-2
2.441406E-2
2.441406E-2
2.441406E-2
2.441406E-2
1.953125E-2
1.464844E-2
1.464844E-2
9.765625E-3
4.882812E-3
-9.765625E-3
-9.765625E-3
-1.464844E-2
-1.953125E-2
-2.441406E-2
-2.441406E-2
-2.929687E-2
-3.417969E-2
-2.929687E-2
-2.929687E-2
-2.441406E-2
-2.441406E-2
-1.953125E-2
-1.464844E-2
-9.765625E-3
-4.882812E-3
0.000000E+0
4.882812E-3
1.464844E-2
1.464844E-2
1.953125E-2
2.441406E-2
2.441406E-2
2.441406E-2
2.441406E-2
1.953125E-2
1.953125E-2
1.953125E-2
1.464844E-2
9.765625E-3
4.882812E-3
0.000000E+0
-9.765625E-3
-1.464844E-2
-1.464844E-2
-1.953125E-2
-2.441406E-2
-2.929687E-2
-2.929687E-2
-2.929687E-2
-2.929687E-2
-2.441406E-2
-1.953125E-2
-1.953125E-2
-1.464844E-2
-1.464844E-2
-4.882812E-3
0.000000E+0
4.882812E-3
9.765625E-3
1.464844E-2
1.953125E-2
1.953125E-2
2.441406E-2
2.441406E-2
2.441406E-2
2.441406E-2
1.953125E-2
1.464844E-2
9.765625E-3
9.765625E-3
4.882812E-3
0.000000E+0
-9.765625E-3
-9.765625E-3
-1.464844E-2
-1.953125E-2
-2.441406E-2
-2.441406E-2
-2.441406E-2
-2.929687E-2
-2.929687E-2
-2.441406E-2
-2.441406E-2
-1.953125E-2
-1.464844E-2
-1.464844E-2
-9.765625E-3
0.000000E+0
4.882812E-3
9.765625E-3
1.464844E-2
1.464844E-2
1.953125E-2
1.953125E-2
2.441406E-2
2.441406E-2
1.953125E-2
1.953125E-2
1.464844E-2
1.464844E-2
1.464844E-2
4.882812E-3
0.000000E+0
-4.882812E-3
-9.765625E-3
-9.765625E-3
-1.953125E-2
-1.953125E-2
-2.441406E-2
-2.929687E-2
-2.441406E-2
-2.929687E-2
-2.929687E-2
-2.441406E-2
-1.953125E-2
-1.464844E-2
-1.464844E-2
-9.765625E-3
-4.882812E-3
0.000000E+0
4.882812E-3
1.464844E-2
1.464844E-2
1.464844E-2
1.953125E-2
1.953125E-2
1.953125E-2
1.953125E-2
1.953125E-2
1.953125E-2
1.464844E-2
1.464844E-2
4.882812E-3
4.882812E-3
-9.765625E-3
-9.765625E-3
-1.464844E-2
-1.953125E-2
-1.953125E-2
-1.953125E-2
-2.441406E-2
-2.929687E-2
-2.441406E-2
-2.441406E-2
-2.441406E-2
-1.953125E-2
-1.953125E-2
-1.464844E-2
-9.765625E-3
-4.882812E-3
0.000000E+0
4.882812E-3
9.765625E-3
