VirtualBench-DSA 2.5 Waveform File
X0: 0.000000E+0	Delta-X: Inf
1.321411E-1
3.698235E-3
2.940073E-3
2.046564E-3
1.746393E-3
1.769420E-3
1.580991E-3
1.288522E-3
1.366917E-3
1.291425E-3
1.192285E-3
1.287256E-3
1.289817E-3
1.110855E-3
1.153840E-3
1.100957E-3
1.033408E-3
1.177725E-3
1.004741E-3
1.063343E-3
9.869226E-4
7.636758E-4
6.904977E-4
8.780155E-4
7.225834E-4
7.664400E-4
7.212822E-4
5.976124E-4
6.869137E-4
5.541997E-4
5.975453E-4
5.608841E-4
6.144994E-4
6.566690E-4
6.672248E-4
6.135086E-4
5.048524E-4
7.061647E-4
7.949473E-4
8.785688E-4
7.894362E-4
7.907710E-4
7.598503E-4
8.249090E-4
7.515754E-4
9.260365E-4
1.150610E-3
8.980992E-4
9.102917E-4
1.100925E-3
9.406045E-4
1.171245E-3
1.172185E-3
1.237688E-3
1.168962E-3
8.994044E-4
1.244523E-3
1.471017E-3
1.191524E-3
1.263096E-3
1.330985E-3
1.170932E-3
1.361412E-3
1.442005E-3
1.093986E-3
1.316708E-3
1.505880E-3
1.304103E-3
1.428340E-3
1.328489E-3
1.245766E-3
1.325177E-3
1.159181E-3
1.128128E-3
1.044456E-3
1.262630E-3
1.154981E-3
1.142294E-3
1.191903E-3
1.101396E-3
1.205885E-3
8.848263E-4
8.683732E-4
8.278316E-4
9.246287E-4
1.000215E-3
6.124200E-4
8.447894E-4
1.041394E-3
6.173319E-4
8.024332E-4
7.644280E-4
9.561692E-4
5.097915E-4
4.965388E-4
7.515253E-4
4.394183E-4
5.370343E-4
5.286909E-4
7.177372E-4
4.736733E-4
3.596707E-4
4.838009E-4
6.858566E-4
5.680891E-4
3.863323E-4
3.808721E-4
4.604349E-4
6.459162E-4
7.162221E-4
5.832063E-4
6.251426E-4
9.550909E-4
8.095093E-4
9.160641E-4
9.479771E-4
9.186225E-4
6.351512E-4
9.110377E-4
1.024206E-3
7.877887E-4
8.554969E-4
9.966100E-4
1.008235E-3
8.659174E-4
1.276136E-3
1.116090E-3
7.988079E-4
1.082195E-3
9.836486E-4
1.057091E-3
9.975169E-4
9.138515E-4
1.122963E-3
8.563853E-4
7.507455E-4
7.564454E-4
1.078042E-3
7.423351E-4
1.125620E-3
1.129968E-3
8.852330E-4
7.713058E-4
4.547110E-4
7.851988E-4
8.885469E-4
8.148207E-4
7.661164E-4
6.002450E-4
9.441381E-4
4.127633E-4
6.123191E-4
7.517808E-4
4.996783E-4
2.171444E-4
4.127367E-4
4.266164E-4
3.773922E-4
2.890417E-4
3.984531E-4
5.065306E-4
5.801366E-4
4.924437E-4
3.173467E-4
4.754621E-4
2.300724E-4
1.705615E-4
2.515602E-4
3.256730E-4
3.235233E-4
4.094140E-4
5.113482E-4
1.780342E-4
3.270875E-4
5.398441E-4
4.314706E-4
2.237966E-4
5.881521E-4
8.147884E-4
4.881745E-4
7.087650E-4
3.754141E-4
5.028014E-4
6.915971E-4
6.391230E-4
5.034008E-4
5.220992E-4
4.793281E-4
7.467229E-4
7.515377E-4
4.869716E-4
7.446908E-4
5.966470E-4
6.836865E-4
8.761655E-4
7.108071E-4
7.590747E-4
6.837700E-4
4.726207E-4
7.734120E-4
6.958896E-4
2.781706E-4
3.149093E-4
6.782639E-4
6.363384E-4
4.344032E-4
2.739562E-4
4.440242E-4
3.843498E-4
4.036640E-4
3.455393E-4
3.712563E-4
4.119652E-4
4.429196E-4
2.885741E-4
2.670845E-4
2.151752E-4
3.242008E-4
3.504878E-4
1.377495E-4
3.524943E-5
2.946466E-5
4.822315E-4
2.703709E-4
4.696719E-4
2.407916E-4
1.565577E-4
3.397469E-4
3.494176E-4
1.533099E-4
2.285255E-4
1.784614E-4
2.736200E-4
2.279543E-4
3.018714E-4
7.129163E-4
2.399684E-4
3.526389E-4
1.774008E-4
2.960993E-4
4.668336E-4
3.743346E-4
5.003686E-4
3.846327E-4
2.012839E-4
2.438623E-4
4.601120E-4
2.059343E-4
3.553942E-4
2.269054E-4
4.226176E-4
4.643727E-4
5.738862E-4
2.936157E-4
4.349512E-4
3.990222E-4
3.668858E-4
4.001675E-4
4.135026E-4
3.804160E-4
4.484224E-4
3.766754E-4
4.073067E-4
1.833977E-4
2.419597E-4
2.417736E-4
4.492462E-4
3.434432E-4
4.652505E-4
3.363343E-4
2.365662E-4
1.875324E-4
4.622050E-4
3.007440E-4
4.234171E-4
3.725189E-4
2.465386E-4
2.782520E-4
3.255462E-4
3.962249E-4
5.208017E-4
6.319969E-4
4.217484E-4
1.646962E-4
4.774151E-4
6.661246E-4
3.095629E-4
2.125380E-4
3.644261E-4
2.906702E-4
2.050666E-4
2.229949E-4
3.723476E-4
4.530630E-4
2.636088E-4
3.192789E-4
4.360213E-4
3.724324E-4
3.194047E-4
4.681782E-4
5.278688E-4
3.325198E-4
4.491020E-4
6.705344E-4
6.072539E-4
5.231925E-4
5.092724E-4
3.109703E-4
5.084079E-4
4.556923E-4
3.113608E-4
4.297636E-4
5.657082E-4
4.987339E-4
3.078808E-4
4.427266E-4
3.918153E-4
3.920344E-4
3.723982E-4
4.478661E-4
6.145553E-4
4.391459E-4
4.628179E-4
4.957304E-4
3.304733E-4
3.670722E-4
4.907958E-4
4.422972E-4
5.601765E-4
2.620004E-4
3.281243E-4
4.209941E-4
4.311863E-4
5.199085E-4
4.903968E-4
6.551917E-4
4.373394E-4
5.037675E-4
6.539531E-4
7.089070E-4
5.398559E-4
6.503563E-4
5.708913E-4
4.842851E-4
5.982878E-4
6.321368E-4
5.515824E-4
5.636910E-4
6.325985E-4
6.481761E-4
6.506351E-4
6.845673E-4
4.721453E-4
7.048362E-4
6.234628E-4
5.433120E-4
6.023389E-4
5.210513E-4
5.355615E-4
4.558169E-4
7.855702E-4
6.431892E-4
5.195912E-4
4.983958E-4
5.192483E-4
7.626633E-4
4.944813E-4
4.594740E-4
4.272977E-4
6.468327E-4
5.466793E-4
5.209592E-4
5.122433E-4
2.740766E-4
4.449401E-4
4.275044E-4
3.316055E-4
6.797646E-4
4.654315E-4
3.491771E-4
5.020507E-4
4.461032E-4
3.123889E-4
6.139837E-4
5.350024E-4
4.419127E-4
4.986563E-4
6.946028E-4
6.063806E-4
5.148038E-4
4.561602E-4
6.004513E-4
7.412906E-4
5.275300E-4
3.355832E-4
4.421050E-4
7.138928E-4
6.829810E-4
6.936054E-4
6.800038E-4
6.260031E-4
