VirtualBench-DSA 2.5 Waveform File
X0: 0.000000E+0	Delta-X: Inf
3.869312E-2
5.676577E-2
2.283967E-1
1.032315E-1
1.397277E-1
3.971879E-2
1.662898E-1
1.985713E-1
2.434926E-1
1.481311E-1
1.436626E-1
1.617012E-1
2.349905E-1
1.156320E-1
7.017031E-2
1.397666E-1
1.716302E-1
1.355651E-1
1.758403E-1
3.210108E-1
2.518543E-1
4.243743E-1
3.487529E-1
7.192145E-1
8.633178E-1
9.433843E-1
1.200655E+0
1.630657E+0
1.943398E+0
2.657617E+0
4.000733E+0
6.930145E+0
1.678135E+1
4.572711E+1
1.065185E+1
6.219944E+0
4.755231E+0
3.889749E+0
3.026878E+0
2.803336E+0
2.277796E+0
2.474303E+0
2.458114E+0
2.019266E+0
1.927395E+0
1.905590E+0
1.759000E+0
1.896468E+0
1.700367E+0
1.716680E+0
1.676298E+0
1.690463E+0
1.445644E+0
1.450989E+0
1.400463E+0
1.400739E+0
1.686455E+0
1.574989E+0
1.416141E+0
1.637858E+0
1.383107E+0
1.728485E+0
1.767168E+0
1.530917E+0
1.793181E+0
1.821050E+0
1.756627E+0
1.716346E+0
1.777259E+0
1.688322E+0
1.703110E+0
2.069028E+0
1.746756E+0
1.617036E+0
1.960809E+0
2.190323E+0
2.059119E+0
2.164742E+0
1.997618E+0
2.021149E+0
2.233166E+0
2.024835E+0
2.276599E+0
2.226141E+0
1.904756E+0
1.839656E+0
2.148588E+0
2.423553E+0
2.687017E+0
2.197724E+0
2.139703E+0
2.612325E+0
2.657497E+0
2.485351E+0
2.324088E+0
2.329051E+0
2.598525E+0
2.679173E+0
2.351831E+0
2.882479E+0
3.508836E+0
3.304056E+0
3.141489E+0
2.851703E+0
3.275250E+0
2.939883E+0
2.508949E+0
2.747542E+0
3.423362E+0
2.804284E+0
3.319980E+0
3.136143E+0
2.968069E+0
3.183088E+0
2.910509E+0
3.028829E+0
3.344962E+0
3.290290E+0
3.548569E+0
3.250709E+0
3.491970E+0
3.361838E+0
3.404878E+0
3.791581E+0
3.313482E+0
3.790913E+0
3.602882E+0
3.630459E+0
3.017753E+0
3.286021E+0
4.642093E+0
3.987079E+0
3.611398E+0
3.840700E+0
3.600642E+0
4.342076E+0
3.548037E+0
3.783651E+0
4.026928E+0
5.085166E+0
4.670198E+0
3.585509E+0
3.849360E+0
4.217540E+0
4.253657E+0
3.920306E+0
4.693248E+0
4.109083E+0
4.292630E+0
4.524137E+0
4.482443E+0
4.075120E+0
3.951457E+0
4.544239E+0
5.207725E+0
4.513941E+0
3.677756E+0
4.092076E+0
4.585948E+0
5.952720E+0
5.480220E+0
4.947875E+0
3.914158E+0
4.625004E+0
6.254753E+0
5.092241E+0
6.547816E+0
5.336514E+0
5.958611E+0
5.938852E+0
6.033101E+0
6.237426E+0
7.018298E+0
6.355572E+0
6.397666E+0
5.794335E+0
6.586659E+0
6.273709E+0
6.167754E+0
6.274828E+0
6.060182E+0
7.671413E+0
5.972738E+0
6.939464E+0
6.859742E+0
8.624567E+0
8.560076E+0
7.045606E+0
6.729664E+0
9.086641E+0
7.699142E+0
7.777205E+0
7.846818E+0
7.987675E+0
1.024936E+1
1.197017E+1
9.493462E+0
9.761497E+0
1.058893E+1
1.145374E+1
9.774872E+0
1.144736E+1
1.261748E+1
1.120735E+1
1.344983E+1
1.502734E+1
1.908273E+1
1.413051E+1
1.660802E+1
1.664222E+1
1.384743E+1
1.612694E+1
1.569770E+1
1.462502E+1
1.861696E+1
2.300746E+1
2.053747E+1
1.766436E+1
1.463838E+1
1.559412E+1
1.760093E+1
1.641539E+1
1.832299E+1
2.564703E+1
2.264042E+1
1.775448E+1
2.036375E+1
1.621128E+1
2.485920E+1
1.496702E+1
1.039706E+1
1.042392E+1
1.807167E+1
1.201778E+1
8.653179E+0
1.232348E+1
9.632559E+0
1.511292E+1
1.444061E+1
7.990107E+0
6.508201E+0
6.136787E+0
8.040437E+0
2.160649E+1
8.059083E+0
5.998722E+0
5.545031E+0
1.082002E+1
8.630377E+0
7.207897E+0
6.979151E+0
6.956323E+0
6.913698E+0
4.730999E+0
6.455799E+0
9.353894E+0
6.574979E+0
1.124593E+1
9.172131E+0
6.197905E+0
6.430928E+0
8.229219E+0
8.840500E+0
7.290876E+0
9.093560E+0
8.172089E+0
1.023336E+1
2.501350E+1
1.125469E+1
8.165169E+0
1.788699E+1
1.037762E+1
1.017610E+1
1.053911E+1
1.770556E+1
1.800128E+1
1.652452E+1
5.426129E+1
4.755946E+1
3.721536E+1
2.068243E+1
1.006525E+1
1.091399E+1
1.845428E+1
1.369058E+1
1.839787E+1
7.236265E+0
1.306417E+1
4.093148E+1
1.596266E+1
3.873870E+1
3.203533E+1
1.629195E+1
1.768211E+1
1.159255E+2
3.451268E+1
1.409820E+1
3.121120E+1
5.572859E+1
2.373174E+1
5.444616E+1
1.561816E+1
9.851570E+0
2.957021E+1
1.564346E+1
1.496711E+1
3.232889E+1
1.646411E+1
1.467979E+1
3.027461E+1
1.478093E+1
1.138278E+1
1.095161E+1
1.353198E+1
1.247085E+1
2.747437E+1
1.000550E+1
1.690807E+1
1.069115E+1
1.444470E+1
1.478062E+1
1.131481E+1
1.788618E+1
7.944942E+0
1.420676E+1
1.833598E+1
1.171070E+1
9.367522E+0
1.014670E+1
1.238048E+1
1.294321E+1
2.070414E+1
1.387969E+1
8.104958E+0
1.005808E+1
8.952536E+0
6.901280E+0
1.241054E+1
9.812286E+0
1.156600E+1
8.715371E+0
6.982567E+0
8.878661E+0
8.756140E+0
9.470348E+0
7.085381E+0
8.433150E+0
6.685490E+0
7.583727E+0
7.963956E+0
5.564549E+0
5.999944E+0
7.597833E+0
4.992805E+0
6.046762E+0
9.231344E+0
8.806495E+0
6.814400E+0
6.710060E+0
7.435125E+0
7.075634E+0
5.361405E+0
4.863800E+0
5.468995E+0
4.690403E+0
5.182726E+0
4.121571E+0
4.375982E+0
5.953202E+0
3.247994E+0
2.367675E+0
2.558664E+0
2.157719E+0
1.573544E+0
1.606465E+0
3.053061E+0
2.269871E+0
2.714642E+0
2.668778E+0
3.688445E+0
3.646065E+0
3.798896E+0
4.818483E+0
6.158038E+0
4.932658E+0
3.519918E+0
4.288353E+0
4.774840E+0
5.428350E+0
4.111607E+0
4.959713E+0
5.949410E+0
4.781445E+0
5.026509E+0
4.184343E+0
3.884521E+0
4.141921E+0
4.105961E+0
4.636161E+0
4.944676E+0
3.884705E+0
